0.228 13.065027147837162 12.678082646033527 44.0
0.278 13.07750184860977 12.739458973859804 59.0
0.32799999999999996 13.081123139790781 12.797006966733461 59.0
0.37799999999999995 13.091877176686813 12.884629878173984 47.0
0.428 13.090029700032336 12.920276886208011 48.0
0.478 13.081864595425237 12.985972843730208 48.0
0.528 13.088783108353669 13.062813255595792 48.0
0.5770000000000001 13.099390689816314 13.147238296490166 42.0
0.627 13.055346553867786 13.195984379850643 42.0
0.677 13.31958972552494 13.26463720062631 47.0
0.727 13.322364376102483 13.30562279250628 41.0
0.777 13.132328236093022 13.400219778874138 43.0
0.8270000000000001 13.1785 13.442499999999999 43.0
0.877 13.1715 13.558 45.0
0.927 13.1725 13.581499999999998 45.0
0.977 13.331410067305068 13.645950294872113 41.0
1.0270000000000001 13.337819017361653 13.68201396252385 41.0
1.077 13.053306510093009 13.795703683693175 39.0
1.127 13.308716439726808 13.824506077960324 45.0
1.177 13.315774105233224 13.861001344897279 45.0
1.227 13.217500000000001 13.9605 27.0
1.2770000000000001 13.16260373455158 14.034780886100101 38.0
1.327 13.167271568038995 14.086204138228474 38.0
1.3769999999999998 13.176844578255677 14.167359956603368 43.0
1.4269999999999998 13.13253972993584 14.20109441437213 50.0
1.4769999999999999 13.199680303808393 14.300219949365266 54.0
1.527 13.154055883934268 14.345029376995194 54.0
1.5759999999999998 13.162799355301946 14.392384739365014 54.0
1.6269999999999998 13.158561071691603 14.44150563187733 44.0
1.676 13.198022073356992 14.490942032921525 44.0
1.726 13.152096932265188 14.552910092800165 45.0
1.8259999999999998 13.163806495516829 14.644674725572852 42.0
1.876 13.165345424175493 14.66430454798537 42.0
1.926 13.180327660165661 14.780839276139268 40.0
2.026 13.177527670172042 14.8506477098864 48.0
2.076 13.179845424175515 14.885304547985369 48.0
2.126 13.511480613112104 15.004300805732456 44.0
2.176 13.51606859329376 14.97331949451213 37.0
2.226 13.524705031350377 15.041095779355382 44.0
2.276 13.527847627517499 15.064765407686345 44.0
2.326 13.540824650799127 15.144781090676004 36.0
2.376 13.295 15.209 36.0
2.426 13.2995 15.306 44.0
2.476 13.252238573743982 15.336378571201568 44.0
2.526 13.25400548606527 15.467240659465698 39.0
2.6260000000000003 13.270969911310182 15.592838882538762 41.0
2.7260000000000004 13.289543030883157 15.717849027539451 45.0
2.825 13.353 15.847000000000001 44.0
2.926 13.3655 15.9925 37.0
3.025 13.380499999999998 16.0895 49.0
3.075 13.383 16.116500000000002 46.0
3.125 13.352038765147313 16.248820262758198 45.0
3.225 13.356563647267322 16.3430220380168 43.0
3.2760000000000002 13.360400104413824 16.374312713983695 43.0
3.325 13.36100228916766 16.47297844699361 50.0
3.375 13.363136612277149 16.503193584275767 53.0
3.425 13.372426054474126 16.57451336510559 53.0
3.475 13.380053182356594 16.625417022646516 48.0
3.525 13.395702320052713 16.717850973105826 54.0
3.575 13.397131709152069 16.740626784788944 54.0
3.625 13.35108852497028 16.83620679894862 46.0
3.675 13.355906791181988 16.87493636729736 46.0
3.725 13.356510300370234 16.96743525884636 43.0
3.775 13.308222643810371 17.00166967397397 46.0
3.825 13.37259437285211 17.098753878082835 46.0
3.875 13.475 17.1155 49.0
3.925 13.49 17.2105 48.0
3.9739999999999998 13.491499999999998 17.238 48.0
4.024 13.497 17.3355 51.0
4.074 13.450248140489492 17.370475185951047 51.0
4.124 13.45150510126009 17.471214212839143 48.0
4.1739999999999995 13.453074214603443 17.500723224657996 56.0
4.224 13.462445088256572 17.571656629935685 56.0
4.274 13.471790833801315 17.623857649915767 50.0
4.324 13.48890765325785 17.712483748802466 57.0
4.374 13.490127065008451 17.734562352499395 57.0
4.4239999999999995 13.450617907139453 17.808910791780555 51.0
4.474 13.45051779517754 17.848886456694768 51.0
4.524 13.5565 17.939 47.0
4.574 13.5585 17.968 47.0
4.624 13.471650994268803 18.04859621705454 42.0
4.6739999999999995 13.433217532251986 18.108901572157475 43.0
4.724 13.554815796737358 18.174352249096877 46.0
4.774 13.555122661944981 18.193000164074043 46.0
4.824 13.570735883663396 18.264548120107516 45.0
4.874 13.571014865467722 18.316219149622732 57.0
4.9239999999999995 13.580186177583577 18.423310811555268 52.0
4.974 13.583305813266325 18.45152157630374 52.0
5.024 13.599926131368113 18.52135661360306 50.0
5.074 13.561835553329495 18.580986178267516 50.0
5.124 13.678999999999998 18.646 54.0
5.1739999999999995 13.677999999999999 18.67 54.0
5.224 13.6815 18.7305 53.0
5.273 13.694500000000001 18.7755 53.0
5.324 13.667813373198953 18.850535484605494 51.0
5.372999999999999 13.671934198802846 18.889575055260853 51.0
5.4239999999999995 13.724 18.92 49.0
5.473 13.743500000000001 18.9925 49.0
5.523 13.7685 19.04 61.0
5.5729999999999995 13.779 19.086 61.0
5.622999999999999 13.793500000000002 19.111 55.0
5.672999999999999 13.765791798926958 19.198765343919426 55.0
5.723 13.8295 19.2335 54.0
5.773 13.8475 19.282 54.0
5.8229999999999995 13.860499999999998 19.3005 64.0
5.872999999999999 13.8925 19.368000000000002 64.0
5.922999999999999 13.865456559527846 19.414234752377723 62.0
5.973 13.892490897179785 19.469280249474917 62.0
6.023 13.948 19.457500000000003 52.0
6.0729999999999995 13.975999999999999 19.5255 77.0
6.122999999999999 13.979000000000001 19.545499999999997 77.0
6.172000000000001 13.969591586834397 19.627168425732993 66.0
6.272 14.0595 19.6645 53.0
6.372000000000001 14.069780307470396 19.754237479785843 74.0
6.472 14.072506946158224 19.823568908278986 58.0
6.522 14.072382362125257 19.827980157537596 58.0
6.572 14.168477445031638 19.851639674581314 71.0
6.672000000000001 14.196371165264656 19.883925230393427 71.0
6.722 14.212839360704235 19.908386647790184 68.0
6.772 14.2885 19.9215 68.0
6.822 14.26933529268764 19.974948236581124 68.0
6.872000000000001 14.335007096408162 20.027735697100304 67.0
6.972 14.409500000000001 20.0135 67.0
7.022 14.428 20.031 67.0
7.072 14.494 20.0625 67.0
7.172000000000001 14.546329868698132 20.136581609337515 56.0
7.271 14.631 20.120000000000005 47.0
7.372000000000001 14.7 20.1465 58.0
7.472 14.7865 20.1725 58.0
7.571000000000001 14.858059573016767 20.239788390600886 56.0
7.671 14.9185 20.189999999999998 60.0
7.721 14.940999999999999 20.199 60.0
7.771 15.011570127245431 20.152566099231663 58.0
7.871 15.052 20.1995 58.0
7.921 15.106813675325967 20.170509294640187 60.0
7.971 15.165167926345834 20.17432229261592 60.0
8.071 15.181500000000003 20.1655 60.0
8.121 15.224966959203382 20.16691997944069 57.0
8.171 15.267760216577987 20.156361151801104 57.0
8.271 15.288193076697327 20.145809422568988 57.0
8.321 15.351043152607481 20.095611626532637 60.0
8.371 15.376974530383588 20.08181261508934 60.0
8.47 15.392902112607509 20.07226379827196 60.0
8.521 15.461 20.1605 59.0
8.57 15.512 20.1375 62.0
8.671 15.5455 20.1115 62.0
8.72 15.573 20.1015 62.0
8.77 15.6305 20.0715 71.0
8.82 15.6385 20.0595 71.0
8.87 15.678999999999998 20.025 71.0
8.92 15.703 20.017000000000003 66.0
8.97 15.759 19.985 72.0
9.02 15.811027581818232 19.992237453291562 76.0
9.07 15.8065 19.932000000000002 76.0
9.12 15.835 19.918 76.0
9.17 15.923075716348322 19.919708270976834 62.0
9.22 15.9095 19.863999999999997 68.0
9.27 15.9565 19.826500000000003 68.0
9.32 15.9795 19.8125 68.0
9.37 16.063908584883755 19.812936804215163 67.0
9.42 16.13375680982741 19.793099410255763 64.0
9.47 16.113661866024998 19.742282956827523 64.0
9.52 16.131948236581124 19.727164707312358 64.0
9.568999999999999 16.153 19.6425 57.0
9.619 16.1655 19.6325 57.0
9.669 16.206 19.599 61.0
9.719 16.328272240772872 19.690607855211113 65.0
9.769 16.323396198752224 19.6273766024784 65.0
9.818999999999999 16.287999999999997 19.514499999999998 61.0
9.869 16.3245 19.468000000000004 62.0
9.919 16.347 19.445 62.0
9.969 16.374000000000002 19.418 62.0
10.019 16.406 19.3755 63.0
10.068999999999999 16.4265 19.358 63.0
10.119 16.466 19.308 63.0
10.169 16.529666821575738 19.31454108786388 46.0
10.219 16.5315 19.237000000000002 61.0
10.269 16.576500000000003 19.1895 45.0
10.319 16.636431383445103 19.19874550043839 53.0
10.369000000000002 16.6125 19.1525 53.0
10.419 16.69854808758135 19.12684407234981 53.0
10.469000000000001 16.700499999999998 19.043999999999997 57.0
10.519 16.723 19.021 57.0
10.569 16.789637041404724 19.024571374080836 57.0
10.618 16.830804981034685 18.979843660721553 57.0
10.669 16.827 18.9085 57.0
10.718 16.881712114184733 18.92239548708887 57.0
10.767999999999999 16.918261429729505 18.883925407971038 55.0
10.818 16.974224192565224 18.815629684003657 55.0
10.868 16.9515 18.765500000000003 50.0
10.918 17.21298530924047 18.934119936696167 47.0
11.017999999999999 17.094 18.6375 54.0
11.118 17.175 18.562 54.0
11.218 17.20271463735694 18.47440348821915 46.0
11.267999999999999 17.258 18.488 46.0
11.318 17.306627089433583 18.377267637191203 50.0
11.418 17.3965 18.367 50.0
11.468 17.383439781323744 18.306936028368675 50.0
11.517999999999999 17.502499999999998 18.269 44.0
11.618 17.71484473415619 18.34976022459192 40.0
11.718 17.641000000000002 18.155 42.0
11.767999999999999 17.634400504674343 18.093471984743157 45.0
11.817 17.7255 18.084 49.0
11.867 17.75 18.058999999999997 49.0
11.917 17.8355 17.989 40.0
12.017000000000001 17.835107382632323 17.861351671175836 44.0
12.067 17.886458346754903 17.878844564187414 44.0
12.117 17.94756657938018 17.762607102227516 47.0
12.217 18.229729285385584 17.915790425350092 43.0
12.317 18.130891340350434 17.676463814619307 43.0
12.367 18.1875 17.6935 43.0
12.417 18.18418817681765 17.568891485735488 47.0
12.467 18.197861267896894 17.553246817181034 47.0
12.517000000000001 18.453311040098217 17.729915374030487 41.0
12.567 18.481875348887794 17.705233736492556 41.0
12.617 18.37159910676249 17.47199892195472 44.0
12.667 18.4315 17.484 44.0
12.717 18.62260226831772 17.574206280512076 48.0
12.765999999999998 18.600006128530147 17.529984297955743 48.0
12.815999999999999 18.68298050697469 17.526518448246318 48.0
12.867 18.582 17.346 45.0
12.915999999999999 18.731910280586618 17.41202581142585 38.0
12.967 18.658 17.279 44.0
13.015999999999998 18.809650389581794 17.3389784072787 42.0
13.065999999999999 18.831328296260846 17.319140810241315 42.0
13.116 18.776 17.1605 49.0
13.165999999999999 18.92759942057532 17.29601703096374 44.0
13.216 18.8615 17.088 44.0
13.265999999999998 18.893 17.058500000000002 44.0
13.315999999999999 19.09524118290562 17.21282353656179 43.0
13.366 18.978 16.981 41.0
13.415999999999999 18.975297812380152 16.852831368182123 42.0
13.466 19.20341421997693 17.050641976578536 40.0
13.515999999999998 19.228439009510897 17.031173761888603 40.0
13.565999999999999 19.12709542084954 16.78371880744133 44.0
13.616 19.191000000000003 16.7935 44.0
13.665999999999999 19.412050799831352 16.930994704966846 36.0
13.716 19.24421061886581 16.67869293493582 43.0
13.765999999999998 19.299965014118822 16.626871872337396 43.0
13.815999999999999 19.331989453549184 16.596319588398334 50.0
13.866 19.389438867701625 16.541367907142615 50.0
13.915 19.631379316128587 16.724163114797285 40.0
13.966 19.478781673867328 16.456043091783886 49.0
14.015 19.716913793103448 16.643534482758618 41.0
14.065 19.56562781049577 16.372168025463544 50.0
14.116 19.598201335738057 16.340596616237676 50.0
14.165 19.654630758759 16.28718533000951 44.0
14.215 19.685719432057947 16.25707908556804 44.0
14.265 19.70893002823764 16.167243744674796 41.0
14.315 19.775894720360913 16.173977234295926 41.0
14.365 19.8655 16.1575 37.0
14.415 20.105841985544124 16.34190710394317 44.0
14.465 20.12971544744599 16.319388019942934 44.0
14.515 19.920667767255754 15.969612819206407 44.0
14.565 20.251279624253968 16.206875903154625 53.0
14.615 20.327877447859102 16.196064539882535 47.0
14.665 20.10125347307911 15.86921554586051 49.0
14.715 20.152 15.8915 49.0
14.765 20.428624838574407 16.042499830078327 48.0
14.815 20.200181841377393 15.773792403353426 49.0
14.865 20.27561757899522 15.708903034112026 49.0
14.915 20.504959711414973 15.974516751205995 46.0
14.965 20.3935 15.6675 60.0
15.015 20.371008107231745 15.617418918145656 60.0
15.065 20.48 15.592000000000002 56.0
15.115 20.4955 15.579500000000001 56.0
15.165 20.527050227471612 15.47874369425942 52.0
15.215 20.5745 15.4995 52.0
15.265 20.6455 15.432000000000002 42.0
15.315 20.66 15.4175 42.0
15.364 20.903098255097156 15.524319887515 48.0
15.414000000000001 20.75 15.3145 44.0
15.464 21.004413763640326 15.483842513475985 38.0
15.514000000000001 20.8 15.2595 56.0
15.564 20.899216419880517 15.231493714525241 56.0
15.664000000000001 20.9315 15.1155 47.0
15.764000000000001 21.31549188169401 15.26795814111778 51.0
15.864 21.426462281637924 15.193049644878847 43.0
15.964 21.4280612473953 15.117539342320416 43.0
16.064 21.517044238735444 14.986507112218778 49.0
16.164 21.541005336219754 14.838364540542411 49.0
16.264 21.637770876399966 14.756885438199987 50.0
16.364 21.627158409407834 14.685933029131139 54.0
16.463 21.509560675834027 14.474212951710857 55.0
16.563 21.628629788381684 14.40904038095653 56.0
16.613 21.623524746557045 14.44319756064261 56.0
16.663 21.606913727843953 14.302316552913902 67.0
16.713 21.610115384615384 14.31642307692307 67.0
16.762999999999998 21.736270290806452 14.22446416440393 64.0
16.863 21.73473427936663 14.262477507323101 64.0
16.964000000000002 21.834203236491824 14.133140647298353 80.0
17.012999999999998 21.83441813476661 14.143752663762367 80.0
17.063 21.81240266095622 13.989391080921358 84.0
17.163 21.907650735394782 13.864841911752626 74.0
17.213 21.81016412624888 13.95440061383193 84.0
17.262999999999998 21.922857853584794 13.810162876095585 74.0
17.363 21.90554838081865 13.675850348431412 88.0
17.413 21.91327694477294 13.815582805952538 74.0
17.462 21.930031080487435 13.685748764729425 88.0
17.512999999999998 21.823827073540897 13.30934048738196 72.0
17.563 21.901109579056335 13.499611548841052 74.0
17.613 21.918222294045847 13.610169676463782 88.0
17.662 21.916500935551216 13.492524953222464 74.0
17.712 21.832701635039427 13.358643808595724 72.0
17.762999999999998 21.823622490203473 13.326778305808094 72.0
17.812 21.940336327942553 13.455573469581207 74.0
17.862000000000002 21.836122417296487 13.295795268601154 62.0
17.912 21.799271691359973 13.079803778462285 65.0
17.962 21.828424242613515 13.125315594886436 58.0
18.012 21.827975156842815 13.11004425418708 58.0
18.062 21.718252851170405 13.086261430173792 65.0
18.112000000000002 21.73067268801302 12.900582713894881 61.0
18.162 21.711889265993275 12.960308135353522 61.0
18.212 21.720329230171977 12.959504583495088 61.0
18.262 21.6038809869102 12.915819718025663 54.0
18.312 21.623621016875976 12.830382166575664 51.0
18.362000000000002 21.66517096217109 12.798357322241916 65.0
18.412 21.527226178353132 12.741444037061989 60.0
18.462 21.505408843784526 12.688485749985471 61.0
18.512 21.542731197977254 12.645217229747685 61.0
18.562 21.532935074176514 12.61943467181293 61.0
18.612000000000002 21.42996626831113 12.533430600531332 62.0
18.662 21.336893953909037 12.490196161247894 54.0
18.712 21.3455478889773 12.492854297537875 54.0
18.762 21.318146396716106 12.442516132218149 54.0
18.812 21.30269533817705 12.396721864729177 54.0
18.862000000000002 21.21895504957781 12.35022161672888 56.0
18.912 21.298142433824587 12.280566697092146 61.0
18.961 21.230600015803645 12.262439464118835 61.0
19.012 21.139060020681008 12.219314270942135 55.0
19.062 21.223286688848695 12.085329699091758 53.0
19.111 21.28454951684997 12.078475241575013 53.0
19.160999999999998 21.004870465934193 12.197281808058513 46.0
19.211 21.062258315218564 12.090807975542843 55.0
19.261 21.003705029433778 12.092029980377468 55.0
19.311 21.01946069200575 12.020389687917374 55.0
19.362000000000002 20.8815 12.084 50.0
19.410999999999998 20.92698067411463 11.976330327937351 59.0
19.461 20.92228232154025 11.904033372875269 59.0
19.511 20.93260444506015 11.904347881095648 59.0
19.561 20.835096965887963 11.94161757899521 46.0
19.611 20.80146761086882 11.898302969324257 68.0
19.660999999999998 20.8315 11.855 68.0
19.711 20.915321250348047 11.718138124731063 51.0
19.761 20.782838628536897 11.793405775853369 65.0
19.811 20.703474061643988 11.77606652883549 65.0
19.861 20.72774093186836 11.728063616117009 65.0
19.910999999999998 20.689491119811706 11.682586425421722 64.0
19.961 20.636541653245093 11.69934456418741 64.0
20.011 20.69603417466742 11.695135215546564 64.0
20.061 20.5505 11.6465 47.0
20.111 20.5045 11.595 57.0
20.160999999999998 20.536096511780848 11.554714637356941 57.0
20.211 20.4710416532451 11.486844564187411 64.0
20.31 20.40256919265343 11.413401698742073 64.0
20.410999999999998 20.301499999999997 11.363 58.0
20.51 20.335306754021182 11.249705678065709 68.0
20.56 20.305652048118013 11.214278013738957 68.0
20.61 20.21766371540833 11.196954070293748 70.0
20.66 20.21622134834059 11.125303355154688 70.0
20.71 20.192986714781956 11.090035223505616 65.0
20.76 20.11785280727084 11.078832508793656 65.0
20.81 20.035 11.0595 56.0
20.86 20.031084444591638 10.988458333170993 62.0
20.91 19.924999999999997 10.937999999999999 56.0
21.01 19.8455 10.850999999999999 56.0
21.11 19.818446075658514 10.731928235178422 63.0
21.21 19.774328099318584 10.677497957156621 61.0
21.26 19.703000000000003 10.675 61.0
21.31 19.697383287875812 10.59186786093866 60.0
21.36 19.634999999999998 10.5895 60.0
21.41 19.63144224379074 10.507028232886915 60.0
21.46 19.563000000000002 10.5075 52.0
21.509 19.53883608818429 10.386648415956747 49.0
21.609 19.458 10.3625 56.0
21.659000000000002 19.436 10.326 56.0
21.709 19.419536971087922 10.204220614720557 56.0
21.809 19.339 10.1765 62.0
21.859 19.308999999999997 10.14 62.0
21.909000000000002 19.253999999999998 10.0465 62.0
22.009 19.220999999999997 9.993500000000001 56.0
22.059 19.2035 9.9555 56.0
22.109 19.16 9.867 60.0
22.21 19.1355 9.819 60.0
22.259 19.108 9.7835 56.0
22.309 19.0875 9.7315 59.0
22.359 19.073999999999998 9.7 59.0
22.409000000000002 19.058999999999997 9.655000000000001 58.0
22.459 19.0485 9.619 58.0
22.509 18.970730586821 9.554681119616456 63.0
22.609 18.955174490591077 9.509133696389403 63.0
22.659000000000002 18.981 9.458 60.0
22.709 18.9715 9.407 60.0
22.759 18.867034021043914 9.398869241071882 54.0
22.809 18.858303232551883 9.346591864257844 54.0
22.858 19.003840763926817 9.289012738885855 60.0
22.908 19.002479210458574 9.239558292006002 60.0
22.958000000000002 18.9789554635377 9.181113787488226 66.0
23.008000000000003 18.9215 9.1495 66.0
23.058000000000003 18.906 9.1125 66.0
23.108 19.00446349698734 9.05429828386521 58.0
23.158 19.045308468957742 8.990952857217188 63.0
23.208000000000002 19.03884168150703 8.937894789811617 63.0
23.258000000000003 19.043459168479146 8.936139901530426 63.0
23.308000000000003 18.894 8.9015 62.0
23.358 19.049249245142832 8.815169693139858 60.0
23.408 18.896 8.7375 58.0
23.458000000000002 19.1469446167472 8.695261991931508 62.0
23.508000000000003 19.10470995699735 8.674202096209967 62.0
23.558000000000003 19.20677835238945 8.569470063369643 60.0
23.608 19.209712704764954 8.525626103858318 60.0
23.708000000000002 19.213377734003974 8.548461097183093 60.0
23.758000000000003 18.9515 8.368 61.0
23.808000000000003 18.962 8.3045 61.0
23.858 18.974 8.2675 58.0
23.908 18.9755 8.258 58.0
23.958000000000002 19.006999999999998 8.1695 67.0
24.008000000000003 19.02 8.118500000000001 67.0
24.057 19.088513257334395 8.102817730730813 67.0
24.108 19.475407484122755 8.211302494707487 59.0
24.156999999999996 19.14279591363535 8.02240836264227 59.0
24.206999999999997 19.14663119945523 8.017485538042477 59.0
24.258000000000003 19.538393582748434 8.140410647490546 64.0
24.307 19.55549223595006 8.108246117974776 64.0
24.357 19.529692768207614 8.06638493774533 49.0
24.406999999999996 19.557688439968814 8.020139929214135 49.0
24.456999999999997 19.33934480673438 7.821510132913348 53.0
24.506999999999998 19.350377890089838 7.804387102552434 53.0
24.557 19.359761255791376 7.730939603445318 48.0
24.607 19.369500000000002 7.719000000000001 48.0
24.656999999999996 19.426266123365103 7.653767665860899 52.0
24.706999999999997 19.737511560359316 7.816548410209736 53.0
24.756999999999998 19.700011892765684 7.803427503074527 53.0
24.857 19.56265684867903 7.511004050419363 56.0
24.956999999999997 19.601792657138613 7.463045677233595 67.0
25.006999999999998 19.608 7.406000000000001 67.0
25.057 19.72391632506821 7.355761512933994 71.0
25.156 19.762897902417045 7.304635649697982 71.0
25.206999999999997 20.00675642443352 7.562170456586528 53.0
25.256 20.142206709679193 7.428281793181413 52.0
25.355999999999998 19.901 7.108 68.0
25.406 19.974652749769565 7.118320971435972 68.0
25.456 20.06783318802394 7.028869890048464 57.0
25.555999999999997 20.30653429815158 7.2208184315079125 56.0
25.605999999999998 20.32178782688471 7.213602315387863 56.0
25.656 20.430007489521238 7.112698500828408 68.0
25.706 20.42333839966121 7.125658087028857 68.0
25.756 20.456149511227984 7.03694144730412 48.0
25.805999999999997 20.513871880829882 7.058698317932137 68.0
25.855999999999998 20.607430411502655 6.973035871834007 68.0
25.906 20.607338399661202 6.979158087028857 68.0
25.956 20.686812666571935 6.913063340094863 68.0
26.006 20.506500000000003 6.6145000000000005 45.0
26.055999999999997 20.584963030579214 6.605237018173104 45.0
26.105999999999998 20.797838399661206 6.822658087028852 62.0
26.155 20.84114333338534 6.720997340884178 59.0
26.206 20.853891944561706 6.716706994720035 59.0
26.255 20.952450207675536 6.627288246639125 61.0
26.305 20.953981383401754 6.632658760044448 61.0
26.355 21.006701164594233 6.519150246115827 64.0
26.405 21.011873953000453 6.52320726460423 64.0
26.455 21.200151131417208 6.498847629977146 63.0
26.555 21.28437550100266 6.4327089679366996 63.0
26.655 21.34256305305821 6.3217355088009155 62.0
26.755 21.412916492761294 6.262746005015719 68.0
26.805 21.404921333735686 6.206426065888078 68.0
26.855 21.52268418379995 6.179346225422482 65.0
26.955 21.526499999999977 6.176500000000017 65.0
27.005 21.60081041018887 6.053507329982217 69.0
27.055 21.634527975079642 6.029777171539795 69.0
27.105 21.56411337112586 5.829737511097885 40.0
27.155 21.568499999999986 5.82650000000001 40.0
27.205 21.71525137142753 5.907154269292425 68.0
27.255 21.79880007060198 5.7215201939056275 57.0
27.355 21.859192468872624 5.801346384103838 54.0
27.404 21.971290589271216 5.722777656030262 54.0
27.454 22.018440039245046 5.69141005886757 58.0
27.504 22.107130891455377 5.685650263543918 63.0
27.554000000000002 22.109485153378724 5.683838054344087 63.0
27.604 22.104326441144355 5.445202096209968 65.0
27.654 22.114000000000004 5.437999999999999 65.0
27.704 22.23811884480406 5.412581895496203 63.0
27.754 22.25193638388295 5.401240931868408 63.0
27.804000000000002 22.3579678287147 5.3188777917610555 65.0
27.854 22.36651843996643 5.311822127959751 65.0
27.904 22.427142340642085 5.2071291026469995 66.0
27.954 22.434925230393432 5.200628834735337 66.0
28.004 22.5155 5.076499999999999 83.0
28.054000000000002 22.5215 5.072 83.0
28.104 22.69896836015898 5.128133600833058 80.0
28.154 22.713365644148684 5.059104791083705 90.0
28.204 22.773668989386458 5.01973351538938 90.0
28.254 22.787823779025736 5.008895729920327 90.0
28.304000000000002 22.841149488700502 4.900708007763209 69.0
28.354 22.828834953831223 4.790703719870217 71.0
28.404 22.944712370130894 4.835766408434955 73.0
28.454 22.950343774609653 4.83218307438661 73.0
28.504 23.011 4.7275 75.0
28.554000000000002 23.0595 4.7 75.0
28.604 23.111000000000004 4.6615 79.0
28.654 23.114 4.6594999999999995 79.0
28.704 23.212 4.582 84.0
28.754 23.26 4.557 84.0
28.803 23.310499999999998 4.5175 78.0
28.854 23.3585 4.495 83.0
28.903000000000002 23.401999999999997 4.4565 96.0
28.954 23.4495 4.4375 96.0
29.003 23.503 4.398 89.0
29.053 23.506 4.3955 89.0
29.103 23.593 4.327 89.0
29.153000000000002 23.621350594191636 4.265012147891856 93.0
29.203000000000003 23.692 4.27 93.0
29.253 23.694499999999998 4.268000000000001 93.0
29.303 23.7415 4.2330000000000005 87.0
29.353 23.81754284764987 4.165605747119665 110.0
29.403000000000002 23.884499999999996 4.181 110.0
29.503 23.956863460703158 4.085439654902974 99.0
29.603 24.063405072090124 4.053027789219013 120.0
29.653000000000002 24.079 4.050999999999999 120.0
29.703000000000003 24.17 4.0785 96.0
29.803 24.24442435242217 3.9631472117088595 102.0
29.853 24.2635 3.961499999999999 102.0
29.903000000000002 24.350403109817627 3.992530082615496 98.0
30.003 24.44556643960354 3.9762163814331846 82.0
30.053 24.455 3.9754999999999985 82.0
30.103 24.54820222922533 3.974006364787196 76.0
30.203000000000003 24.642629568630607 3.977026561994615 75.0
30.252 24.6425 3.9769999999999985 75.0
30.302 24.74128163003963 3.9795164284545255 75.0
30.401999999999997 24.836040235122514 3.9706992922014397 79.0
30.451999999999998 24.864860679774967 3.9767786404499894 79.0
30.502 24.886380665546827 3.9672138397824277 79.0
30.552 24.9355 4.0385 75.0
30.601999999999997 25.026 4.061 82.0
30.651999999999997 25.0285 4.0625 82.0
30.701999999999998 25.1185 4.086 80.0
30.802 25.23 4.1015 69.0
30.851999999999997 25.232 4.103 69.0
30.901999999999997 25.289568653114035 4.232321692606598 64.0
31.002 25.35599673102593 4.315975844105157 67.0
31.052 25.387999999999987 4.219999999999992 66.0
31.101999999999997 25.432458315895477 4.406445262925652 60.0
31.201999999999998 25.531097602125154 4.404369299236819 62.0
31.252 25.563897485283118 4.303735009811284 56.0
31.301 25.596805515946325 4.460536326903512 62.0
31.401 25.62628625338694 4.604357625663623 62.0
31.451 25.593614561800017 4.492942719099992 62.0
31.500999999999998 25.698945717296212 4.617631425755148 62.0
31.601 25.761084386201482 4.736746788368533 54.0
31.651 25.59067988226498 4.769880078490273 47.0
31.701 25.96602291429556 4.6745229297788065 49.0
31.750999999999998 25.969144660940607 4.677855339059265 49.0
31.801 26.0785 4.709 60.0
31.851 26.0805 4.7125 60.0
31.901 26.061908148740734 4.781489804078236 60.0
31.951 26.171499999999998 4.811 52.0
32.001 26.111350098403733 4.906917878093503 53.0
32.051 26.176183248537562 5.017509436967508 56.0
32.101 26.298064231673774 5.019071114219487 68.0
32.150999999999996 26.292278640450068 5.076442719100024 68.0
32.201 26.375453878268537 5.099150787987012 52.0
32.251 26.37553238913119 5.099697030675764 52.0
32.301 26.390609350756108 5.266902365396328 50.0
32.351 26.39305996075493 5.334410058867555 47.0
32.400999999999996 26.497807128971434 5.313849745794858 57.0
32.45 26.493294970566225 5.308470019622522 57.0
32.501 26.495329312377145 5.4757522603046525 60.0
32.55 26.58378932188147 5.425210678118779 47.0
32.6 26.602581522457328 5.5268048800517615 52.0
32.65 26.591763528681305 5.51242084075349 50.0
32.7 26.55135743146429 5.7122888328086585 51.0
32.75 26.68355996075493 5.701910058867555 57.0
32.8 26.66420379456649 5.768952669399233 57.0
32.85 26.686244219820342 5.714774205104856 57.0
32.9 26.809850256159447 5.802257277894927 46.0
32.95 26.810692455849306 5.803705029433759 46.0
33.0 26.84448244972426 5.922376956440805 53.0
33.05 26.868647058823544 5.871088235294138 46.0
33.1 26.89562955652473 5.990788122702982 53.0
33.15 26.76523702284046 6.075549887976649 53.0
33.2 26.987654880153958 6.109821592029913 50.0
33.25 26.976960405980464 6.108143899942478 50.0
33.3 27.07777841735751 6.161703796279395 54.0
33.35 27.054515156840267 6.219683275232599 56.0
33.4 27.129904850663507 6.300171108828714 52.0
33.45 27.1242363487822 6.303429924587712 52.0
33.5 27.3375 6.2545 63.0
33.55 27.19224454596147 6.4035406088019675 51.0
33.6 27.268292655042323 6.48861484117616 54.0
33.65 27.26789481487132 6.494600761567661 54.0
33.7 27.30891055122322 6.611460187778831 52.0
33.75 27.31239875103608 6.620840915906894 52.0
33.8 27.38448116660679 6.694934386241656 52.0
33.849000000000004 27.39674017476601 6.712300374220446 47.0
33.9 27.539061516438686 6.708243853360562 58.0
33.949 27.565964641426156 6.741105312798462 58.0
34.0 27.58939403394617 6.830826898895404 46.0
34.049 27.645580976256046 6.819067664905092 52.0
34.149 27.744186077810962 6.905788890469491 55.0
34.249 27.79005609791047 7.014522830208119 47.0
34.349000000000004 27.88294274840624 7.098420528550225 58.0
34.449 28.001114238140847 7.131851292462151 54.0
34.549 28.186999999999998 7.092 49.0
34.649 28.146661188662428 7.3116207647283655 53.0
34.749 28.348 7.2105 52.0
34.848 28.392085787136086 7.30879772821684 56.0
34.899 28.374812450780688 7.357366148773213 56.0
34.948 28.42087601132083 7.442952566313721 73.0
35.048 28.48967573616507 7.478778733140663 73.0
35.098 28.49741796067497 7.48266407864997 73.0
35.148 28.525632902732614 7.605081076367701 55.0
35.248000000000005 28.641557454024348 7.503335645960979 67.0
35.298 28.655778640450002 7.510942719099992 67.0
35.348 28.732601586149414 7.537442822833893 65.0
35.448 28.797260378405547 7.553262120006437 65.0
35.498000000000005 28.790925019474557 7.551967809847467 65.0
35.548 28.846164117957255 7.720069842949544 59.0
35.648 28.91176892157494 7.831160876180102 82.0
35.698 28.914617727817266 7.730450603519347 66.0
35.748000000000005 28.982666758102752 7.8427569938915696 82.0
35.848 28.98596464960195 7.705605831677227 66.0
35.898 29.091099256195815 7.742007438041998 59.0
35.948 29.174777189451085 7.746712346473451 66.0
35.998000000000005 29.179696197895275 7.747057031571323 66.0
36.048 29.261499999999998 7.547499999999999 60.0
36.098 29.268 7.548 60.0
36.148 29.3455 7.548500000000001 64.0
36.247 29.4155 7.5685 64.0
36.297 29.423499999999997 7.5685 64.0
36.347 29.505499999999998 7.559000000000001 70.0
36.397 29.5105 7.5585 70.0
36.446999999999996 29.5835 7.545 70.0
36.497 29.588500000000003 7.544 70.0
36.547 29.683773794799826 7.6236329330392945 65.0
36.597 29.64538838648619 7.6255580675690915 65.0
36.647 29.735 7.5265 75.0
36.747 29.802500000000002 7.500499999999999 77.0
36.797 29.82370429244187 7.5462889504361 77.0
36.847 29.884500000000003 7.466000000000001 76.0
36.946999999999996 29.942999999999998 7.436 74.0
36.997 29.9535 7.434 74.0
37.047 30.0225 7.4195 90.0
37.146 30.0815 7.3835 65.0
37.196999999999996 30.092 7.374499999999999 65.0
37.246 30.223688551567538 7.392399033103612 98.0
37.346 30.21106356991848 7.33827810018556 98.0
37.396 30.256493349491425 7.313589859264404 98.0
37.446 30.302500000000002 7.242500000000001 100.0
37.496 30.311500000000002 7.234 100.0
37.546 30.410794247838375 7.207407663769201 73.0
37.596 30.414355339059334 7.203855339059329 73.0
37.646 30.4475 7.118 109.0
37.696 30.456 7.109 109.0
37.746 30.586618987822852 7.120797458206434 87.0
37.796 30.580801257198093 7.12800221858486 87.0
37.846 30.6055 7.002 108.0
37.896 30.64985533905932 7.028355339059329 108.0
37.946 30.712187498849485 6.969985818099869 101.0
37.996 30.723292346208677 6.962154901411689 101.0
38.046 30.802835688092106 6.899859374231388 88.0
38.096 30.816925230393423 6.887628834735343 88.0
38.146 30.818999999999996 6.82 88.0
38.196 30.911402826448636 6.805648426417193 78.0
38.246 30.944000000000003 6.7204999999999995 91.0
38.296 30.961999999999996 6.704 91.0
38.346 31.000500000000002 6.6695 82.0
38.396 31.046 6.628 82.0
38.446 31.15662858327179 6.605520752608763 71.0
38.495 31.1445 6.5495 68.0
38.545 31.254488438513878 6.517628486178432 70.0
38.595 31.266908584883755 6.508936804215159 70.0
38.645 31.272999999999996 6.4445 64.0
38.696 31.3155 6.4105 52.0
38.745 31.326 6.4015 52.0
38.795 31.476601576930882 6.40109376616259 66.0
38.895 31.50075092982251 6.31662484246449 65.0
38.945 31.510009219983225 6.308911063979869 65.0
38.995 31.62069400926365 6.276060550356286 65.0
39.095 31.685376676418702 6.228963720380483 65.0
39.195 31.80256601717798 6.184066017177983 65.0
39.295 31.868213137908214 6.113788940606161 65.0
39.395 31.92943659613482 6.049115556646699 65.0
39.495 31.97819679585835 6.008321509737889 65.0
39.545 31.787187580712803 5.7762500849608305 63.0
39.595 31.777943588902055 5.702752080064686 63.0
39.645 32.06419275020881 5.904717125161378 60.0
39.695 32.1125911194278 5.827055525901313 51.0
39.745 31.92323581428524 5.668377735403257 52.0
39.794000000000004 31.95979696743415 5.616949000561574 52.0
39.844 31.967397551889825 5.606198265921973 52.0
39.894 32.0557358994839 5.578315242556547 48.0
39.944 32.06687116526466 5.565574769606576 48.0
39.994 32.31743675508496 5.631665318238889 42.0
40.044000000000004 32.39021374733851 5.703710883309698 46.0
40.094 32.1077784854564 5.395490252175456 55.0
40.144 32.12358238585336 5.372560893891629 55.0
40.194 32.159647566986266 5.304230239548783 55.0
40.294000000000004 32.542933479247374 5.434350223677828 51.0
40.344 32.533615088301374 5.451410058867541 51.0
40.394 32.181830757879624 5.139308730650924 50.0
40.494 32.343999999999994 5.119 44.0
40.544000000000004 32.64067956998254 5.30516788862467 46.0
40.594 32.711869203833714 5.138988496708459 50.0
40.694 32.72801426098437 5.10106093343392 50.0
40.743 32.72080469615791 5.117898102343251 50.0
40.793 32.817220583516914 4.95409817359616 50.0
40.844 32.7464349375187 5.019695727281718 47.0
40.893 32.83883492168387 4.860957518983316 49.0
40.944 32.82093694390778 4.92841875492552 50.0
40.993 32.30986018677299 4.698345449053976 48.0
41.043 32.83515415005521 4.854722800023296 49.0
41.093 32.383039288694505 4.621533278455622 48.0
41.143 32.38871737147785 4.602265211443402 48.0
41.193999999999996 32.73546585632331 4.574631667046686 46.0
41.243 32.73500300843779 4.593094220068368 46.0
41.293 32.73583487448649 4.490415095473205 48.0
41.343 32.73668808471951 4.4919844042360335 48.0
41.393 32.733068593293744 4.405319494512119 48.0
41.443000000000005 32.73413643956127 4.422761369963438 48.0
41.493 32.82666780112367 4.29149156740169 47.0
41.593 32.619148864561545 4.24641231559979 51.0
41.643 32.4705 4.246 32.0
41.693000000000005 32.612850904359725 4.157060582259753 56.0
41.793 32.64119779995666 4.0561751686674095 67.0
41.843 32.6440753676974 4.067670955876199 67.0
41.893 32.522698985016945 3.9920185107050035 56.0
41.943000000000005 32.50724929257126 3.958550424457245 56.0
41.993 32.538510022202324 3.888197271359755 58.0
42.042 32.59304675640674 3.895933726496123 58.0
42.093 32.51348382692685 3.8041203256397305 58.0
42.141999999999996 32.507728516449596 3.7854400171045786 58.0
42.192 32.51501250367627 3.6790166027766578 50.0
42.242 32.4697612867392 3.698549540450256 56.0
42.292 32.47001207875481 3.5884047585808005 62.0
42.342 32.41950359684845 3.595720690231226 62.0
42.391999999999996 32.41100765012593 3.4919184249096498 61.0
42.442 32.42608582775573 3.5027951099508434 62.0
42.492 32.40357078240472 3.3698992318291103 53.0
42.542 32.37163945727875 3.39343922102603 62.0
42.592 32.330938438328765 3.324158004233934 62.0
42.641999999999996 32.322482555230515 3.3032560114002973 62.0
42.692 32.2267627399662 3.2557290710153817 68.0
42.742 32.21953985407367 3.2258058888190666 68.0
42.792 32.20205234292628 3.189224700918942 48.0
42.842 32.035 3.1950000000000003 55.0
42.891999999999996 32.1015373704181 3.0514894486881063 62.0
42.942 32.10969322154963 3.0445676167698865 62.0
42.992 31.948999999999998 3.0845000000000002 56.0
43.042 31.9165 3.0294999999999996 56.0
43.092 32.018560020681 2.914314270942125 56.0
43.141999999999996 31.859 2.956 67.0
43.192 31.8365 2.9345 67.0
43.242 31.795499999999997 2.8775 62.0
43.292 31.772999999999996 2.856 62.0
43.342 31.728500000000004 2.8015 62.0
43.441 31.665 2.719 63.0
43.541000000000004 31.562052334128644 2.6708540957958125 55.0
43.641000000000005 31.5315 2.5585 58.0
43.74100000000001 31.460500000000003 2.477 61.0
43.841 31.36554261976739 2.440953558575619 63.0
43.891000000000005 31.350147204242436 2.421344083161334 63.0
43.941 31.283102013571536 2.348242237589184 58.0
43.99100000000001 31.267999999999997 2.328500000000001 58.0
44.041000000000004 31.231499999999997 2.2035 55.0
44.141000000000005 31.147 2.1145 53.0
44.24100000000001 31.0845 2.0460000000000003 56.0
44.291000000000004 31.066499999999998 2.0295 56.0
44.341 30.92275239720866 2.0311207071739465 46.0
44.391000000000005 30.9775 1.9409999999999998 45.0
44.441 30.87733529268764 1.9044482365811226 48.0
44.49100000000001 30.826173956808102 1.9250463698509224 48.0
44.541000000000004 30.8215 1.7805 42.0
44.591 30.76853716988173 1.7955395686727995 47.0
44.64 30.70661155988233 1.7236261567679927 47.0
44.691 30.7255 1.6735 42.0
44.74 30.653 1.6059999999999999 49.0
44.791000000000004 30.600037169881734 1.6210395686727992 49.0
44.84 30.557000000000002 1.5014999999999998 50.0
44.94 30.466499999999996 1.415 48.0
45.04 30.380499999999998 1.325 55.0
45.14 30.277444857251886 1.295637821041919 53.0
45.19 30.296499999999998 1.2414999999999998 53.0
45.24 30.20601346882563 1.219712671663769 53.0
45.291000000000004 30.17642402876305 1.1930493475717985 55.0
45.34 30.102679750021164 1.1253264944213976 55.0
45.39 30.1205 1.0695000000000001 43.0
45.44 30.01639000536743 1.0330842202114745 48.0
45.49 30.001292403353418 1.0203181586226062 48.0
45.54 29.9605 0.9179999999999999 56.0
45.59 29.906681841377395 0.9322075966465813 56.0
45.64 29.88 0.8315 52.0
45.69 29.862000000000002 0.812 52.0
45.74 29.79 0.7365 50.0
45.79 29.777 0.7205 50.0
45.84 29.728500000000004 0.658 47.0
45.89 29.6985 0.629 47.0
45.93899999999999 29.645 0.578 48.0
45.99 29.6175 0.5435000000000001 48.0
46.038999999999994 29.5685 0.48150000000000004 55.0
46.09 29.536499999999997 0.449 55.0
46.138999999999996 29.4815 0.39399999999999996 53.0
46.19 29.4565 0.35999999999999993 53.0
46.239 29.69636038664997 0.09424824569511661 43.0
46.288999999999994 29.381999999999998 0.26699999999999996 55.0
46.339 29.329500000000003 0.214 55.0
46.388999999999996 29.541283835814582 -0.0031102413237672766 43.0
46.43899999999999 29.255000000000003 0.12000000000000001 51.0
46.489 29.18705220780433 0.11968769288428908 42.0
46.54 29.173000000000002 0.03 45.0
46.589 29.10792834433621 0.026404220644624523 45.0
46.638999999999996 29.066000000000003 -0.029500000000002403 47.0
46.68899999999999 29.0745 -0.09299999999999997 47.0
46.739 28.98664560222708 -0.1116508657160406 53.0
46.788999999999994 28.993000000000002 -0.18250000000000002 53.0
46.839 29.21792648968134 -0.46085422439695295 42.0
46.888999999999996 28.876620529690737 -0.24119935656555114 43.0
46.93899999999999 28.822513468825637 -0.29728732833623106 43.0
46.989 28.7890066652923 -0.33870271819513575 51.0
47.038999999999994 28.740875157535516 -0.39724907017749594 51.0
47.089 28.748 -0.463 45.0
47.138000000000005 28.660477759965087 -0.481824385760784 50.0
47.188 28.6665 -0.5535 46.0
47.238 28.57877339362067 -0.5818732714568797 45.0
47.288999999999994 28.582 -0.649 47.0
47.339 28.552 -0.6775 47.0
47.388000000000005 28.4935 -0.743 54.0
47.438 28.40522109437148 -0.7703328524130109 54.0
47.488 28.373153292818 -0.801143243334462 47.0
47.538000000000004 28.3795 -0.865 47.0
47.588 28.547452877997735 -1.1284166486239628 53.0
47.638000000000005 28.278 -0.9869999999999999 60.0
47.688 28.205099699026714 -0.9872147510281777 60.0
47.738 28.185000000000002 -1.076 47.0
47.788000000000004 28.112437838475667 -1.0840766772200092 47.0
47.838 28.085040481347406 -1.1170490152732269 50.0
47.888000000000005 28.027380710876674 -1.178955504643155 50.0
47.938 28.207436161977693 -1.4214881709764613 49.0
47.988 27.991500000000002 -1.288 50.0
48.038000000000004 27.934802135039835 -1.2783381104871352 50.0
48.088 27.867102013571536 -1.3522577624108125 49.0
48.138000000000005 27.8835 -1.408 52.0
48.188 27.814999999999998 -1.481 52.0
48.238 27.797 -1.5025 54.0
48.288000000000004 27.735500000000002 -1.5755 54.0
48.338 27.7125 -1.5995 54.0
48.387 27.643500000000003 -1.673 54.0
48.438 27.624499999999998 -1.6955 54.0
48.488 27.563499999999998 -1.769 55.0
48.537 27.5415 -1.7914999999999999 55.0
48.588 27.46 -1.887 64.0
48.687 27.364213704649394 -1.9328855709674406 58.0
48.736999999999995 27.3825 -1.9845000000000002 58.0
48.787 27.27810221789285 -2.0268125642227957 56.0
48.836999999999996 27.297 -2.0825 56.0
48.887 27.178591804023423 -2.149596938272711 62.0
48.986999999999995 27.156 -2.2535 45.0
49.037 27.099302135039828 -2.2438381104871348 59.0
49.086999999999996 27.00289428852972 -2.2879778494986263 59.0
49.137 27.060000000000002 -2.373 52.0
49.187 26.997 -2.444 54.0
49.236999999999995 26.9775 -2.4665 54.0
49.287 26.882566105907433 -2.504628804759952 55.0
49.336999999999996 26.866144660940673 -2.5206446609406745 55.0
49.387 26.783460255029514 -2.6144732298347106 55.0
49.486999999999995 26.724753207084778 -2.6863980057783614 55.0
49.536 26.7415 -2.7415 46.0
49.586999999999996 26.64135486219003 -2.780093411005269 59.0
49.637 26.659 -2.8365 50.0
49.68600000000001 26.5650121495869 -2.8736958865296307 50.0
49.736999999999995 26.581000000000003 -2.9275 52.0
49.786 26.518500000000003 -2.9965 52.0
49.836000000000006 26.4985 -3.0195000000000003 57.0
49.886 26.4435 -3.089 57.0
49.93600000000001 26.42 -3.1105 43.0
49.986000000000004 26.356 -3.1765 58.0
50.036 26.3355 -3.2 51.0
50.086000000000006 26.2975 -3.2435 54.0
50.136 26.28879763419529 -3.3253872323955416 61.0
50.18600000000001 26.226384886288233 -3.3957019619482898 61.0
50.236000000000004 26.1695 -3.3855000000000004 43.0
50.286 26.130499999999998 -3.4385 53.0
50.336000000000006 26.0925 -3.4795 52.0
50.386 26.049 -3.5264999999999995 57.0
50.43600000000001 26.015 -3.5755 57.0
50.486000000000004 25.9775 -3.632 57.0
50.536 25.9335 -3.6740000000000004 57.0
50.586000000000006 25.884 -3.721 54.0
50.636 25.85 -3.7695000000000003 54.0
50.68600000000001 25.811 -3.8259999999999996 52.0
50.736000000000004 25.768500000000003 -3.8689999999999998 51.0
50.785 25.721000000000004 -3.9189999999999996 55.0
50.836000000000006 25.728079405679566 -3.996504077410315 55.0
50.885 25.6505 -4.0215 61.0
50.935 25.608 -4.0634999999999994 61.0
50.986000000000004 25.560499999999998 -4.1105 53.0
51.035 25.485544788822487 -4.128616741355283 55.0
51.085 25.44852890760185 -4.179638619240556 55.0
51.135 25.447499999999998 -4.251 53.0
51.185 25.401000000000003 -4.296 53.0
51.235 25.3685 -4.3375 48.0
51.285 25.29391375027646 -4.350818834490207 49.0
51.335 25.2895 -4.422 50.0
51.385 25.243 -4.464 50.0
51.435 25.17005709781718 -4.476271227369194 51.0
51.485 25.174500000000002 -4.552 51.0
51.535 25.133 -4.5915 51.0
51.585 25.107 -4.613999999999999 49.0
51.635 25.08966584716055 -4.70988288244175 50.0
51.685 25.073862243535373 -4.729459911433398 50.0
51.735 24.973000000000003 -4.7620000000000005 54.0
51.785 24.947499999999998 -4.784 54.0
51.835 24.8945 -4.849 58.0
51.885 24.881 -4.871 58.0
51.934 24.8185 -4.9345 45.0
51.983999999999995 24.7935 -4.957 54.0
52.035 24.81555905498785 -5.087233052997477 45.0
52.083999999999996 24.680528153644737 -5.020069981026049 51.0
52.13399999999999 24.621716493832782 -5.081097860819226 51.0
52.184 24.633 -5.137499999999999 50.0
52.235 24.5685 -5.215 58.0
52.284 24.545499999999997 -5.2465 58.0
52.333999999999996 24.482 -5.311 54.0
52.38399999999999 24.4575 -5.333 54.0
52.434 24.3925 -5.4110000000000005 67.0
52.483999999999995 24.3675 -5.446 67.0
52.534 24.306 -5.512 47.0
52.63399999999999 24.2215 -5.614 52.0
52.733999999999995 24.161499999999997 -5.6915 59.0
52.784 24.136 -5.7195 56.0
52.833999999999996 24.01429364115821 -5.789348494740212 55.0
52.934 23.996000000000002 -5.894 58.0
52.983999999999995 23.931838571442412 -5.8879534236589155 58.0
53.033 23.886499999999998 -6.019 58.0
53.133 23.807499999999997 -6.1114999999999995 55.0
53.233000000000004 23.752000000000002 -6.1705 63.0
53.284 23.731 -6.1975 63.0
53.333 23.678 -6.258 52.0
53.383 23.65 -6.2875 52.0
53.433 23.616167735520907 -6.410578746663333 53.0
53.533 23.5285 -6.445500000000001 59.0
53.583 23.5045 -6.4735 59.0
53.633 23.4265 -6.5755 54.0
53.733000000000004 23.344499999999996 -6.6775 61.0
53.833 23.328261749275867 -6.776583647558112 55.0
53.883 23.268500000000003 -6.774 53.0
53.933 23.214 -6.8415 49.0
53.983000000000004 23.189499999999995 -6.8705 49.0
54.033 23.108 -6.969 60.0
54.132 23.128644237844988 -7.101129918806455 57.0
54.183 23.10813183388224 -7.1272821551931855 57.0
54.232 23.08489936282217 -7.229329669470755 50.0
54.283 23.0322817127574 -7.218251894142799 50.0
54.332 22.893500000000003 -7.2235 54.0
54.383 22.868000000000002 -7.2515 54.0
54.431999999999995 22.919679902857062 -7.417242081683214 55.0
54.482 22.907960749378354 -7.434704549544122 55.0
54.532 22.7055 -7.4385 59.0
54.632 22.668 -7.476000000000001 44.0
54.681999999999995 22.634 -7.5245 54.0
54.732 22.622267418964828 -7.618076688027805 46.0
54.782 22.5595 -7.6165 50.0
54.832 22.596328813443275 -7.724448545614845 52.0
54.882 22.5271025147169 -7.74023500981126 52.0
54.931999999999995 22.500410640472364 -7.781267163680815 52.0
54.982 22.409 -7.8065 54.0
55.032 22.386328996446746 -7.909195061214685 53.0
55.082 22.3305 -7.904 53.0
55.132 22.3005 -7.948 53.0
55.181999999999995 22.2485 -8.006 52.0
55.232 22.391678823040234 -8.218704195146252 53.0
55.282 22.34413056328836 -8.207814882118464 53.0
55.332 22.321539251962438 -8.243177855420427 53.0
55.382 22.213123893006745 -8.290884579317622 50.0
55.431999999999995 22.067 -8.2265 47.0
55.482 22.063320249792785 -8.316068183181375 55.0
55.532 22.031997106077156 -8.35932549060759 55.0
55.582 22.089430828040147 -8.519144925703472 55.0
55.632 22.017331765773875 -8.523621363212765 55.0
55.681999999999995 21.858 -8.4845 54.0
55.732 21.8375 -8.509 52.0
55.782 21.92409805562371 -8.712741936680187 49.0
55.832 21.740499999999997 -8.6165 54.0
55.881 21.80573319193961 -8.77252765994967 49.0
55.931000000000004 21.656 -8.716000000000001 51.0
55.981 21.75908565616814 -8.900374205062384 53.0
56.031000000000006 21.578 -8.8015 56.0
56.081 21.5285 -8.8625 56.0
56.132 21.5065 -8.887 56.0
56.181000000000004 21.445999999999998 -8.9545 51.0
56.231 21.563144925703487 -9.118430828040136 55.0
56.281000000000006 21.3675 -9.0475 62.0
56.331 21.3345 -9.0885 62.0
56.381 21.2855 -9.141000000000002 56.0
56.431000000000004 21.41662573890789 -9.36851327564751 48.0
56.481 21.165344457625082 -9.203405892819923 52.0
56.531000000000006 21.326442463979028 -9.401072913400471 56.0
56.581 21.30518762568336 -9.49534488104501 56.0
56.631 21.0965 -9.349499999999999 55.0
56.681000000000004 21.046 -9.4085 55.0
56.731 21.012999999999998 -9.445999999999998 55.0
56.781000000000006 20.99835533905933 -9.531355339059326 56.0
56.831 20.909 -9.552 56.0
56.881 21.102985199046334 -9.714092543168867 49.0
56.931000000000004 20.842 -9.638 57.0
56.981 20.817999999999998 -9.664 57.0
57.031000000000006 20.996215447445998 -9.908388019942926 49.0
57.081 20.7405 -9.734 64.0
57.13 20.71 -9.756499999999999 64.0
57.18 20.6655 -9.801 56.0
57.28 20.628 -9.845500000000001 56.0
57.33 20.780686058749335 -10.107021447425625 52.0
57.38 20.557000000000002 -9.905 61.0
57.43 20.5285 -9.934 61.0
57.48 20.660094826325732 -10.207618898624165 49.0
57.53 20.492479174913846 -10.02284664138305 53.0
57.58 20.584847528228398 -10.314307492727178 56.0
57.63 20.430172408030472 -10.067535400744212 53.0
57.68 20.399638686568814 -10.10147712592119 60.0
57.73 20.36089812204004 -10.131576206138785 60.0
57.78 20.32382618352028 -10.159129774190923 60.0
57.83 20.302290057324857 -10.179889448589638 60.0
57.88 20.251815832379812 -10.207990873140638 63.0
57.93 20.235297112073315 -10.223669314268452 63.0
57.98 20.187731057367557 -10.311579773916707 57.0
58.07899999999999 20.1475916376163 -10.336742421579865 57.0
58.129 20.10416188951286 -10.30869786496017 57.0
58.18 20.0055 -10.308 54.0
58.278999999999996 19.98380615139806 -10.420136644023422 57.0
58.32899999999999 19.994323779025734 -10.42039572992033 57.0
58.379 19.907668516238257 -10.511949376635357 49.0
58.479 19.849703784732515 -10.534669237614938 67.0
58.528999999999996 19.850540827918746 -10.535952887285433 67.0
58.57899999999999 19.7566257297966 -10.621930158212486 64.0
58.678999999999995 19.6554007438042 -10.636507438041999 69.0
58.729 19.71471169054901 -10.623779381790815 64.0
58.778999999999996 19.563168900520424 -10.714751817482629 70.0
58.879 19.564722929431213 -10.7221819174522 70.0
58.928999999999995 19.52255694150421 -10.737170824512628 70.0
58.979 19.401364080706866 -10.71288450931273 61.0
59.07899999999999 19.271147687371702 -10.808349981835157 71.0
59.129 19.33765152164488 -10.811682642628778 62.0
59.178999999999995 19.176801872466417 -10.81735895759486 65.0
59.278 19.131323221621304 -10.813673850814226 65.0
59.32899999999999 19.218236541266425 -10.815855893610308 71.0
59.378 19.041392691493474 -10.844700117077469 71.0
59.478 18.8969780800817 -10.821642407354489 79.0
59.528 18.9398241448589 -10.835943460233196 70.0
59.578 18.86357359312879 -10.828984848098347 79.0
59.628 18.82572857279058 -10.825568557535993 79.0
59.678000000000004 18.69431781492547 -10.839257082225005 64.0
59.728 18.760532312781613 -10.812461453639733 79.0
59.778 18.633563391791853 -10.719229555595504 75.0
59.828 18.706500000000002 -10.848000000000003 79.0
59.878 18.62586609374089 -10.735535625036324 75.0
59.928000000000004 18.638637080564365 -10.700850044366359 75.0
59.978 18.505377746179764 -10.741913242078741 80.0
60.078 18.39259784613595 -10.637946644254797 66.0
60.178000000000004 18.398478515570275 -10.555871694972556 70.0
60.228 18.284376061143114 -10.525174363314122 75.0
60.278 18.288247980689327 -10.5371708118047 75.0
60.327 18.32639275692041 -10.51429365507196 70.0
60.378 18.216408671393204 -10.51420698662997 75.0
60.477 18.161454820510286 -10.461502479639801 85.0
60.527 18.213905466902975 -10.508413853965434 75.0
60.577 18.175947306067506 -10.41478838780645 85.0
60.626999999999995 18.142169715532024 -10.413922476374658 85.0
60.677 18.09273272060037 -10.378994007339593 70.0
60.727 18.083057956798676 -10.31429634272202 70.0
60.777 18.001201605026775 -10.305611340297201 70.0
60.827 18.00272689324152 -10.312152305746825 70.0
60.876999999999995 17.918893126330737 -10.303105441654834 65.0
60.927 17.9935 -10.178 64.0
60.977 17.9675 -10.1435 64.0
61.027 17.930999999999997 -10.121500000000001 64.0
61.077 17.9195 -10.1095 64.0
61.126999999999995 17.8475 -10.053 63.0
61.177 17.8115 -10.018 63.0
61.227 17.7655 -9.9865 58.0
61.277 17.753999999999998 -9.975999999999999 58.0
61.327 17.7025 -9.93 58.0
61.376999999999995 17.677 -9.897 63.0
61.426 17.6345 -9.855 63.0
61.477 17.624 -9.8445 63.0
61.527 17.489072426063174 -9.859190125646954 55.0
61.576 17.474289321881347 -9.844710678118656 55.0
61.626000000000005 17.478 -9.7055 50.0
61.676 17.43264466094067 -9.730855339059328 50.0
61.726000000000006 17.40970288792669 -9.711669314268459 50.0
61.777 17.405 -9.645500000000002 49.0
61.826 17.256897844292432 -9.632195809879184 56.0
61.926 17.180324553200293 -9.560188946937352 54.0
62.026 17.09416267654695 -9.47257842950976 55.0
62.126000000000005 17.02575352793732 -9.426141563950686 55.0
62.226000000000006 16.89672350186208 -9.38175305012124 52.0
62.326 16.81377016381029 -9.317294789895497 52.0
62.426 16.718868247637197 -9.232685416096972 55.0
62.526 16.570292130976195 -9.24138540561728 54.0
62.626000000000005 16.476643463018263 -9.160314817449141 50.0
62.726000000000006 16.42502654292035 -9.119377277815566 50.0
62.776 16.386182286149264 -9.089078945871275 48.0
62.825 16.3579364108446 -8.931633943834218 44.0
62.925 16.208248786903425 -8.938536956557304 50.0
63.025 16.279 -8.6705 55.0
63.125 16.2325 -8.6285 55.0
63.175 16.195 -8.5975 43.0
63.225 15.94316946220104 -8.70588071891202 47.0
63.325 16.060000000000002 -8.48 50.0
63.375 16.0215 -8.448 50.0
63.425 15.871928333307325 -8.516998670442087 40.0
63.475 15.79445107041784 -8.51269053678116 48.0
63.525 15.710047002185178 -8.502381862238822 48.0
63.575 15.8415 -8.2875 44.0
63.625 15.82 -8.2685 44.0
63.675 15.57625955185163 -8.386219343934767 44.0
63.725 15.516119696150904 -8.332594733288705 44.0
63.775 15.676539568672798 -8.075037169881735 44.0
63.824 15.380118612194554 -8.27799579743094 48.0
63.875 15.383369108544613 -8.21765026354391 48.0
63.924 15.513237835331788 -7.932147004103326 44.0
63.975 15.473752603787194 -7.898793069359784 46.0
64.024 15.453109889823587 -7.8805335457259424 46.0
64.074 15.174014439633458 -8.037346571342281 41.0
64.124 15.344344072349816 -7.7889519124186455 44.0
64.17399999999999 15.2385 -7.763 42.0
64.22399999999999 15.28499645207146 -7.6702606882451345 45.0
64.274 15.208779333019804 -7.60368015303076 45.0
64.324 15.189091332396911 -7.585846422087622 39.0
64.374 15.048 -7.596 47.0
64.42399999999999 15.027 -7.5785 47.0
64.47399999999999 14.883546602346613 -7.585667475266727 41.0
64.524 14.895320003206248 -7.530268104295275 41.0
64.574 14.88433106780857 -7.389859443444577 41.0
64.624 14.862850470260582 -7.372549415736854 41.0
64.67399999999999 14.593490182792987 -7.536546299077921 42.0
64.72399999999999 14.703 -7.296000000000001 46.0
64.774 14.717521467766868 -7.184350427793495 37.0
64.824 14.481404261301101 -7.442843319635015 48.0
64.874 14.61973922922136 -7.105729454161022 46.0
64.92399999999999 14.384989196184296 -7.366857930008131 61.0
64.97399999999999 14.52371267274718 -7.0285134979228125 46.0
65.024 14.277684405017878 -7.27864112555047 53.0
65.074 14.417327967376599 -6.9378597698596955 55.0
65.124 14.168704795543428 -7.18600747896172 44.0
65.17399999999999 14.31557810751702 -6.854403915356048 39.0
65.223 14.331852998316933 -6.8022450322411 39.0
65.274 14.20919392921451 -6.772771359135698 38.0
65.324 14.21946624123076 -6.7178511003076995 38.0
65.374 14.114134093425232 -6.6964494600446 39.0
65.423 14.130878470303987 -6.644834679646992 39.0
65.473 13.85490790810003 -6.811173112711243 38.0
65.523 13.801060990489121 -6.83217376188861 38.0
65.57300000000001 13.913214081201833 -6.534841329417969 36.0
65.623 13.629873842694296 -6.817686753174 36.0
65.673 13.685370343964216 -6.6073575512690095 37.0
65.723 13.642394558345165 -6.637106873669265 37.0
65.773 13.78676706943267 -6.298542566108798 32.0
65.82300000000001 13.497078643762695 -6.573921356237313 45.0
65.873 13.471756394373886 -6.500608883288471 45.0
65.923 13.427059960754955 -6.530910058867569 45.0
65.973 13.3655286934247 -6.406137103744247 41.0
66.023 13.312531140915858 -6.423327114116837 41.0
66.07300000000001 13.293497520360201 -6.353045179489715 36.0
66.123 13.280372778224573 -6.3441878035732495 36.0
66.173 13.177729527972799 -6.304138521372419 33.0
66.223 13.358070668445443 -6.067827731366219 38.0
66.273 13.323770902562856 -6.038239130953833 38.0
66.32300000000001 13.064244145017256 -6.203083740407115 43.0
66.373 12.97498742641554 -6.166675049056311 36.0
66.423 12.98090904029252 -6.182852329670916 36.0
66.473 13.198291869048838 -5.89341518548305 40.0
66.523 13.121206930640215 -5.878747396212805 40.0
66.57300000000001 12.967425748760029 -5.865135062953058 40.0
66.672 12.89313859732355 -5.7708330987632195 34.0
66.77199999999999 12.859314819506379 -5.71603796010111 34.0
66.822 12.8645 -5.651 35.0
66.872 12.815999999999999 -5.608499999999999 35.0
66.922 12.781500000000001 -5.5645 47.0
66.972 12.745999999999999 -5.5135000000000005 47.0
67.02199999999999 12.709499999999998 -5.473 43.0
67.072 12.640999999999998 -5.3735 38.0
67.172 12.578 -5.2795000000000005 44.0
67.27199999999999 12.5085 -5.1850000000000005 35.0
67.372 12.4835 -5.1345 51.0
67.422 12.411456464976801 -5.123099164006047 51.0
67.472 12.444876440032532 -4.977023803260909 43.0
67.572 12.3765 -4.958 50.0
67.622 12.347000000000001 -4.916 50.0
67.672 12.332 -4.872 44.0
67.722 12.306000000000001 -4.827 44.0
67.77199999999999 12.296 -4.7835 39.0
67.822 12.183633851226787 -4.793187549219313 51.0
67.872 12.161649385103717 -4.714087469406213 51.0
67.921 12.10274489363734 -4.721609207775093 51.0
67.971 12.213999999999999 -4.6114999999999995 46.0
68.02199999999999 12.189 -4.5665 45.0
68.071 12.180500000000002 -4.5205 45.0
68.122 12.153500000000001 -4.4725 46.0
68.171 12.1495 -4.423 46.0
68.221 12.081068967147255 -4.399432145988513 48.0
68.271 12.072106654018647 -4.326264050671676 48.0
68.321 12.1 -4.2755 48.0
68.37100000000001 11.967291558341554 -4.217698879659761 43.0
68.471 11.953622118644288 -4.13213717635883 52.0
68.521 11.939665283028479 -4.108896614978259 52.0
68.571 11.980180303808392 -4.063719949365266 48.0
68.62100000000001 11.862241655953852 -3.989515938690166 44.0
68.671 11.85708326395315 -3.903497224534897 44.0
68.721 11.892215981639936 -3.873824523730712 46.0
68.771 11.885505050633896 -3.8406421356237233 46.0
68.821 11.863340285944943 -3.776734814477411 42.0
68.87100000000001 11.759007971462092 -3.6882143568880523 50.0
68.921 11.799399827020517 -3.6879913225947685 50.0
68.971 11.79051813626327 -3.638956821978054 50.0
69.021 11.580299842162212 -3.5804478941690627 50.0
69.071 11.582803243085017 -3.4503243191131263 56.0
69.12100000000001 11.57912210494315 -3.520438315879656 50.0
69.171 11.916 -3.4154999999999998 17.0
69.221 11.559689405845955 -3.4590518138954627 56.0
69.271 11.592679417077473 -3.2758210842973576 50.0
69.321 11.586545746280866 -3.301826567161587 48.0
69.37 11.879999999999999 -3.229 33.0
69.42 11.574694892195561 -3.1614071664412133 44.0
69.471 11.68422121523358 -3.0631202025389204 38.0
69.52 11.527046662718531 -3.1025636643750385 44.0
69.57 11.523937377736313 -2.9978124888851347 46.0
69.62 11.654992898594482 -3.0104301064982497 38.0
69.67 11.450710718259451 -2.8610453243745853 45.0
69.72 11.494652649356386 -2.8893712636004905 45.0
69.77 11.792805813266312 -2.8279784236962504 39.0
69.82 11.842500000000001 -2.7345 32.0
69.87 11.655614484898301 -2.643341872303275 42.0
69.92 11.697636766781052 -2.6328066854235943 42.0
69.97 11.597811915280557 -2.596515595764057 46.0
70.02 11.77612497924899 -2.53364347133265 46.0
70.07 11.585300228328343 -2.4306868269174906 40.0
70.12 11.579782965568885 -2.416891287353864 40.0
70.17 11.781081415117482 -2.3908971407872937 40.0
70.22 11.585201545713982 -2.2764634549617213 41.0
70.27 11.943357987089499 -2.2500473370806384 39.0
70.32 11.793513727255004 -2.16917155326746 41.0
70.369 11.500145531465035 -2.09989009663004 43.0
70.419 11.582285386471725 -2.089726402780845 43.0
70.469 11.587060137983935 -1.9791138930390155 43.0
70.52 11.586007283639567 -1.9395916586537347 43.0
70.57 11.587526698383051 -1.913366063489342 43.0
70.619 11.79104499525963 -1.8278792686666812 49.0
70.669 11.792970966215455 -1.8151941932430968 49.0
70.719 11.797056058856983 -1.7171329885714215 47.0
70.76899999999999 11.798970966215443 -1.7046941932430952 47.0
70.819 11.79502161227678 -1.613969952580095 45.0
70.869 11.844999999999999 -1.608 26.0
70.919 11.756015590895249 -1.4948583854796125 54.0
70.969 11.758441932430916 -1.4803883864861582 54.0
71.01899999999999 11.764231630731881 -1.383197611186263 56.0
71.119 11.873999999999999 -1.2755 44.0
71.219 11.866 -1.1645 53.0
71.319 11.895 -1.044 54.0
71.419 11.91 -0.922 37.0
71.518 11.858025176235254 -0.8605865023417376 40.0
71.569 11.9125 -0.7975000000000001 40.0
71.618 11.9275 -0.6755 56.0
71.718 11.938500000000001 -0.6164999999999999 56.0
71.768 11.764113331413377 -0.4961347649058898 59.0
71.818 11.78983057361108 -0.45186281411941775 59.0
71.918 11.796158318492951 -0.3538947898116151 51.0
71.968 11.950500000000002 -0.31050000000000005 39.0
72.018 11.968 -0.1905 42.0
72.118 11.979 -0.132 42.0
72.168 12.046525724166957 -0.06755214064277273 38.0
72.218 12.023103122077318 0.0789277994388463 60.0
72.318 12.031588893331717 0.12510143311849037 55.0
72.368 12.037304418407604 0.18908186610900102 55.0
72.418 12.004 0.3175 44.0
72.468 12.004 0.318 44.0
72.517 12.044858796175784 0.4412550557789281 45.0
72.617 12.10882860768755 0.5504316079400062 42.0
72.717 12.002576206138789 0.6548981220400467 46.0
72.767 12.018271180392029 0.6827219666823652 46.0
72.817 12.129802502033302 0.7970513707709722 45.0
72.867 12.115164078649956 0.7454179606749403 45.0
72.918 12.011934865502633 0.9419962705885149 39.0
73.017 12.123785438482352 1.0423761203119333 44.0
73.117 12.133403399820343 1.090210834460096 44.0
73.167 12.139703282147469 1.172069871990715 45.0
73.217 12.123368894396899 1.3253861981127648 48.0
73.267 11.87798574998547 1.3332535625036597 37.0
73.317 12.152419377627162 1.3987140704816654 48.0
73.417 12.121708985737925 1.5454470262943847 49.0
73.467 12.0225 1.5590000000000002 21.0
73.517 11.987850586290268 1.690910644489255 39.0
73.617 12.140384998684164 1.7427055200631574 53.0
73.667 12.130826760290516 1.817773226590356 38.0
73.717 12.114164566191434 1.9110770881105843 45.0
73.816 12.119902628924132 1.985381085692241 45.0
73.867 12.229223588803858 2.021273446087055 45.0
73.916 11.99827221232864 2.186403473458921 40.0
74.016 12.100999999999999 2.2365 44.0
74.067 12.143024613658897 2.2973784185637354 44.0
74.116 12.205331328983803 2.329051963085117 44.0
74.166 12.218119445649108 2.3936978139706664 44.0
74.21600000000001 12.22334104059634 2.469363812224403 47.0
74.266 11.991707650990179 2.5721443603225365 41.0
74.316 12.20112301031563 2.5878465512466677 40.0
74.366 12.205923017660256 2.6597264990188756 48.0
74.416 12.208940617556234 2.721563872314329 42.0
74.46600000000001 12.20130354756404 2.7738162610348973 42.0
74.516 12.22709118774872 2.8905102536693916 54.0
74.616 12.230940617556247 2.9590638723143288 46.0
74.666 12.245073868631883 3.0131433863969423 54.0
74.71600000000001 12.312573267274988 3.1354173746477842 39.0
74.815 12.2165 3.2089999999999996 49.0
74.865 12.209 3.2565 49.0
74.915 12.335583115003974 3.364147410539652 48.0
75.015 12.340870976937175 3.439921814732008 43.0
75.065 12.3051159421222 3.4978170991799375 43.0
75.115 12.309923017660253 3.5697264990188735 51.0
75.165 12.32314458559256 3.621936942768981 58.0
75.215 12.327915147046049 3.6905882830889816 58.0
75.265 12.326492123985835 3.7788874341535954 53.0
75.315 12.331813498325076 3.837185445026959 49.0
75.365 12.345576016939152 3.891152190990449 49.0
75.415 12.3005 3.9625 50.0
75.465 12.3155 4.0285 48.0
75.515 12.431494949366108 4.133357864376269 46.0
75.565 12.3325 4.1515 37.0
75.615 12.3325 4.151999999999999 37.0
75.665 12.423210398219211 4.277605030372651 55.0
75.715 12.422886991009984 4.257611456179978 55.0
75.764 12.40083222333526 4.389756910866244 59.0
75.865 12.443756806206203 4.5219699078572 53.0
75.914 12.44408932064677 4.51144642539577 53.0
75.964 12.41104029691488 4.638235461465438 58.0
76.064 12.412498497754248 4.77361241474609 45.0
76.11399999999999 12.215007575950828 4.802213203435582 47.0
76.164 12.48282420031731 4.898210218064116 48.0
76.264 12.537937027705025 5.047153999196956 55.0
76.36399999999999 12.502721595248676 5.162547087235996 56.0
76.464 12.505488167780857 5.3034617204956795 68.0
76.514 12.503476382123779 5.28418825942079 54.0
76.564 12.581756439234258 5.387575851900341 68.0
76.664 12.542384074732835 5.544686309651434 59.0
76.714 12.542705448550123 5.5483303501115175 59.0
76.764 12.50954029691488 5.673735461465437 55.0
76.86399999999999 12.512491034895696 5.811553200096673 43.0
76.914 12.561841716833355 5.7980960666274175 57.0
76.964 12.541937012832769 5.946744817163721 42.0
77.064 12.39807561552105 6.089388108345483 47.0
77.163 12.613640022015074 6.197413517094008 55.0
77.263 12.618933142658715 6.329843909414927 51.0
77.314 12.619388373467363 6.331456847392523 51.0
77.363 12.63932420031729 6.4597102180641155 48.0
77.46300000000001 12.646839254952642 6.583832269369499 48.0
77.513 12.547 6.5969999999999995 29.0
77.563 12.363984654719514 6.747824014639111 40.0
77.663 12.720210149032477 6.842679523795644 43.0
77.71300000000001 12.720675817938222 6.845797282322303 43.0
77.763 12.740780600264284 6.976353508323272 45.0
77.863 12.643995476091227 7.109827415119851 39.0
77.913 12.644389257892824 7.114674049473807 39.0
77.96300000000001 12.70789315506921 7.233499967027914 36.0
78.063 12.6115 7.365 36.0
78.113 12.6125 7.3765 36.0
78.163 12.6345 7.516500000000001 37.0
78.263 12.486519350781432 7.643409327698292 36.0
78.313 12.487258844023767 7.658308303292731 36.0
78.363 12.703596491735173 7.776160598800769 34.0
78.462 12.707974005716984 7.9048879352994526 36.0
78.513 12.708613893835672 7.9082982632705425 36.0
78.562 12.82561209156646 8.006276418233945 38.0
78.613 12.827481863736754 8.023543178021926 38.0
78.66199999999999 12.735403432971824 8.153393977200926 43.0
78.712 12.736997474683054 8.163428932188133 43.0
78.762 12.8035032171672 8.27591586031931 34.0
78.812 12.804654575824495 8.287695452014615 34.0
78.862 12.562804637570444 8.423055023133799 40.0
78.91199999999999 12.572271407853883 8.46870816918462 40.0
78.962 12.842167310521852 8.511398611825264 38.0
79.012 12.846305257848314 8.546762171384476 38.0
79.062 12.806321415244842 8.666777846165692 42.0
79.112 12.808031056462175 8.678668130143148 42.0
79.16199999999999 12.923708280235367 8.771384947119254 42.0
79.212 12.826430891466604 8.81087205834387 37.0
79.262 12.835324061662579 8.916309191075111 36.0
79.312 12.838576197382034 8.924263943605126 36.0
79.362 12.803 8.993500000000001 36.0
79.41199999999999 12.920201298726305 9.040199631442533 39.0
79.462 12.925926117463115 9.115656687789881 39.0
79.512 12.93160726406926 9.17814602097162 39.0
79.562 12.942453634406602 9.221077039871048 40.0
79.612 12.750277300739002 9.317941992482162 40.0
79.66199999999999 12.754306162218775 9.369319124531861 40.0
79.712 12.764475923219644 9.442936721917235 38.0
79.762 12.779135324823113 9.507306140131524 40.0
79.811 12.765698473405505 9.602625025732605 50.0
79.861 12.757103834173508 9.603445654924384 50.0
79.911 12.764904118926392 9.674444398647823 50.0
79.961 12.927 9.7135 40.0
80.01100000000001 12.933 9.783999999999999 40.0
80.061 13.037210398219191 9.83539496962735 44.0
80.111 13.09492150707742 9.895544924678607 44.0
80.161 13.007659230638819 9.956998727303551 38.0
80.211 13.023669912703093 10.043426980394072 40.0
80.26100000000001 13.030281711302987 10.111832964565345 40.0
80.311 13.036317332452105 10.182229942932675 40.0
80.411 13.0045 10.312999999999999 37.0
80.51100000000001 13.0125 10.435 41.0
80.561 13.0155 10.445 41.0
80.611 12.85097149997094 10.611507125007266 48.0
80.711 13.052 10.695500000000001 46.0
80.811 12.87385294117648 10.852088235294119 48.0
80.911 12.883251882360849 10.965325923272967 46.0
81.01100000000001 13.104 11.065 39.0
81.11 13.1165 11.192499999999999 48.0
81.211 13.1345 11.315 37.0
81.31 13.1425 11.422 47.0
81.361 13.143 11.434999999999999 47.0
81.41 12.962431650665135 11.587729568906877 49.0
81.51 12.969605354257943 11.684549123750529 54.0
81.561 12.969637033246695 11.68990233210196 54.0
81.61 12.98593597491971 11.830923376515699 52.0
81.71 12.990211495075442 11.935695286837534 49.0
81.81 12.950849418057683 12.06809095718531 49.0
81.91 12.989401545364455 12.109986325745064 48.0
81.96 12.9881274291305 12.15863830610249 48.0
82.01 12.954247248908034 12.303005449924866 46.0
