242.003 11.7615 -0.245 34.0
242.053 11.742 -0.35500000000000004 43.0
242.10299999999998 11.7385 -0.3705 43.0
242.153 11.732 -0.47850000000000004 53.0
242.203 11.73 -0.49150000000000005 53.0
242.253 11.712 -0.5995 37.0
242.303 11.709 -0.6145 28.0
242.35299999999998 11.651147275724925 -0.7146651750557631 28.0
242.403 11.699 -0.7344999999999999 28.0
242.453 11.680500000000002 -0.843 31.0
242.503 11.677 -0.8605 31.0
242.553 11.6595 -0.9570000000000001 32.0
242.60299999999998 11.657499999999999 -0.9735 32.0
242.653 11.59018651688848 -1.0727428586417926 22.0
242.703 11.684370708271999 -1.110066639626381 23.0
242.753 11.623 -1.2029999999999998 25.0
242.80200000000002 11.570975386341107 -1.2141215814362667 26.0
242.852 11.70223824376052 -1.342835378716309 36.0
242.90200000000002 11.748343338221986 -1.3698445722666275 36.0
242.952 11.594999999999999 -1.393 31.0
243.002 11.5835 -1.458 33.0
243.05200000000002 11.575 -1.5154999999999998 33.0
243.102 11.5665 -1.5805 33.0
243.15200000000002 11.558499999999999 -1.6295000000000002 44.0
243.202 11.55 -1.6920000000000002 44.0
243.252 11.5425 -1.7495 34.0
243.30200000000002 11.535 -1.8144999999999998 43.0
243.352 11.530000000000001 -1.859 43.0
243.40200000000002 11.524000000000001 -1.923 35.0
243.452 11.5175 -1.9809999999999999 35.0
243.502 11.511 -2.0460000000000003 37.0
243.55200000000002 11.504 -2.092 37.0
243.602 11.545568521562238 -2.159054515247899 32.0
243.65200000000002 11.54135272427508 -2.2148348249442367 35.0
243.702 11.536874920664497 -2.2780344431966957 35.0
243.752 11.535991267900712 -2.3289344162224426 28.0
243.80200000000002 11.531362261033745 -2.3922087632173854 28.0
243.852 11.529470299967654 -2.4482231137919896 32.0
243.90200000000002 11.4795 -2.4915000000000003 25.0
243.952 11.527478701878616 -2.561459232171639 31.0
244.002 11.4735 -2.6224999999999996 29.0
244.05200000000002 11.475000000000001 -2.6795 29.0
244.102 11.526977738200166 -2.7450081272179068 28.0
244.15099999999998 11.528953815946771 -2.7908514487764835 28.0
244.201 11.481 -2.8525 38.0
244.25099999999998 11.535347580700225 -2.906098884988678 34.0
244.301 11.539866686179561 -2.9678512180844185 34.0
244.351 11.547033175114999 -3.0191835080116967 29.0
244.40099999999998 11.502500000000001 -3.091 29.0
244.451 11.5105 -3.148 31.0
244.50099999999998 11.519 -3.2135 40.0
244.551 11.528500000000001 -3.2634999999999996 40.0
244.601 11.539000000000001 -3.3315 35.0
244.701 11.5595 -3.4355 42.0
244.75099999999998 11.561499999999999 -3.452 42.0
244.801 11.586500000000001 -3.5545 35.0
244.851 11.589500000000001 -3.571 35.0
244.90099999999998 11.571079652532365 -3.699968759004541 31.0
245.00099999999998 11.740851790962996 -3.750735613621389 31.0
245.051 11.74582341251024 -3.7732495791645007 31.0
245.101 11.826863622079895 -3.860783640934433 27.0
245.201 11.7165 -4.0120000000000005 26.0
245.301 11.799781419811929 -4.083578314552029 26.0
245.351 11.659309998260383 -4.139869687880558 26.0
245.40099999999998 11.931044772234095 -4.150979489804845 30.0
245.451 11.938948550037434 -4.173076982339729 30.0
245.50099999999998 11.934136140287244 -4.285964793078388 28.0
245.6 11.882000000000001 -4.413 30.0
245.65099999999998 11.887999999999998 -4.429 30.0
245.7 12.024556400038628 -4.476514204281342 29.0
245.75 12.036849293259685 -4.514595896018937 26.0
245.801 11.9835 -4.628 26.0
245.85 11.991 -4.6455 26.0
245.9 12.049 -4.747 26.0
246.0 12.100999999999999 -4.8365 29.0
246.05 12.1085 -4.853 29.0
246.1 12.155999999999999 -4.945 34.0
246.15 12.1625 -4.9635 34.0
246.2 12.211 -5.043 30.0
246.25 12.2195 -5.0595 30.0
246.3 12.281500000000001 -5.1495 32.0
246.4 12.332999999999998 -5.221 28.0
246.45 12.343 -5.2375 28.0
246.5 12.4055 -5.3185 25.0
246.55 12.4155 -5.337999999999999 25.0
246.6 12.502460227041329 -5.377552735846216 29.0
246.65 12.516351516282922 -5.396474500280791 29.0
246.7 12.608311084749829 -5.431811785639839 24.0
246.75 12.54 -5.51 27.0
246.8 12.5685 -5.5415 27.0
246.85 12.732322041873251 -5.515335355984101 27.0
246.9 12.683 -5.693 27.0
246.95 12.693999999999999 -5.711 27.0
246.99900000000002 12.826704311034039 -5.721773385400183 29.0
247.049 12.802778100185558 -5.771436430081518 29.0
247.09900000000002 12.916970306381986 -5.832267479655785 38.0
247.199 12.816858303250607 -6.027400923303471 32.0
247.24900000000002 12.883630317374527 -6.025811021344786 32.0
247.299 12.983120965418586 -6.128323768858432 36.0
247.34900000000002 12.995894867862447 -6.14251431289844 36.0
247.399 13.052437838475662 -6.208923322779989 43.0
247.449 13.073502996330198 -6.232133639699816 43.0
247.49900000000002 13.136731070847041 -6.30283207043962 33.0
247.549 13.149285425824608 -6.3177435469604895 33.0
247.59900000000002 13.2425 -6.349500000000001 36.0
247.649 13.2725 -6.3725000000000005 36.0
247.699 13.353000000000002 -6.4205000000000005 41.0
247.74900000000002 13.397 -6.463 41.0
247.799 13.4505 -6.5215 45.0
247.84900000000002 13.4725 -6.5425 45.0
247.899 13.533999999999999 -6.6075 39.0
247.949 13.55 -6.6209999999999996 39.0
247.99900000000002 13.6075 -6.6805 37.0
248.049 13.6235 -6.689500000000001 37.0
248.09900000000002 13.676906766151246 -6.836757316725745 36.0
248.149 13.741183450823488 -6.8297828050308595 32.0
248.19799999999998 13.8325 -6.85 38.0
248.24900000000002 13.838000000000001 -6.8565000000000005 38.0
248.298 13.884474549415373 -6.972182177783089 39.0
248.34799999999998 13.938 -6.951 36.0
248.398 13.995000000000001 -7.0055 38.0
248.44799999999998 14.0105 -7.0120000000000005 38.0
248.498 14.081141616983468 -7.0994414772860175 38.0
248.548 14.120296020589649 -7.133663389524821 44.0
248.59799999999998 14.172 -7.1225000000000005 44.0
248.648 14.173551763418876 -7.191164707312359 44.0
248.69799999999998 14.2455 -7.199999999999999 53.0
248.748 14.293499999999998 -7.239 53.0
248.798 14.266504865414387 -7.2903469834430865 53.0
248.84799999999998 14.323318083503525 -7.334301084520695 61.0
248.898 14.421 -7.32 32.0
248.94799999999998 14.44217377609883 -7.4047152359715565 48.0
248.998 14.447357434796189 -7.417607692981927 48.0
249.048 14.489366360300185 -7.458497003669796 48.0
249.09799999999998 14.553 -7.463 36.0
249.148 14.565716334755646 -7.544917915197972 42.0
249.19799999999998 14.574125353714372 -7.5622247877713775 42.0
249.248 14.63233743609214 -7.605978507857607 39.0
249.298 14.699400931668059 -7.683537298162626 39.0
249.34799999999998 14.719563616117007 -7.711740931868366 37.0
249.44799999999998 14.766991585891445 -7.765697048113303 37.0
249.498 14.789245498424798 -7.786456944064648 37.0
249.548 14.889622419273055 -7.822764538198049 36.0
249.648 14.994 -7.8505 33.0
249.69799999999998 15.013000000000002 -7.8675 30.0
249.748 15.07467395503431 -7.964508109302397 35.0
249.798 15.087215667227692 -7.976251655919635 35.0
249.84799999999998 15.182500000000001 -8.002500000000001 41.0
249.898 15.1995 -8.0185 41.0
249.947 15.24130743130164 -8.132514861697755 40.0
250.047 15.3435 -8.157 29.0
250.097 15.32960451291114 -8.211712114184733 48.0
250.14700000000002 15.466999999999999 -8.246 39.0
250.247 15.5275 -8.309000000000001 44.0
250.297 15.5455 -8.327 44.0
250.347 15.569403687542314 -8.428024074961762 30.0
250.39700000000002 15.6265 -8.411999999999999 43.0
250.447 15.695 -8.4735 43.0
250.497 15.683366360300184 -8.530497003669797 30.0
250.547 15.777377257209565 -8.592004247684299 48.0
250.597 15.824499999999999 -8.567499999999999 32.0
250.64700000000002 15.8865 -8.633 49.0
250.697 15.872547900919129 -8.688204971979319 49.0
250.747 15.969 -8.718 47.0
250.797 15.9895 -8.736 47.0
250.847 16.004471412049284 -8.82366901859409 39.0
250.89700000000002 16.076500000000003 -8.814499999999999 39.0
250.947 16.162 -8.868500000000001 46.0
250.997 16.182 -8.886500000000002 46.0
251.047 16.232499999999998 -8.937 46.0
251.097 16.258499999999998 -8.9635 46.0
251.14700000000002 16.3155 -9.0235 44.0
251.196 16.335 -9.041 44.0
251.24599999999998 16.386 -9.093 44.0
251.297 16.421 -9.1175 47.0
251.34599999999998 16.499499999999998 -9.1675 47.0
251.396 16.52 -9.1865 25.0
251.446 16.572 -9.238499999999998 50.0
251.49599999999998 16.601 -9.266 34.0
251.546 16.6635 -9.3295 35.0
251.59599999999998 16.685000000000002 -9.349 35.0
251.646 16.7365 -9.4 44.0
251.696 16.7725 -9.426 44.0
251.74599999999998 16.82364381844494 -9.520521478166984 38.0
251.796 16.838501773964268 -9.53461965587743 38.0
251.84599999999998 16.8879964294537 -9.58320364195723 38.0
251.896 16.91744812359595 -9.612156219100672 41.0
251.946 16.976065183628485 -9.672766204456993 41.0
251.99599999999998 16.999454333801545 -9.694076788956188 41.0
252.046 17.0825 -9.706 36.0
252.09599999999998 17.119 -9.7305 42.0
252.146 17.17 -9.756 42.0
252.196 17.18529849562025 -9.835323426752488 28.0
252.24599999999998 17.2425 -9.823500000000001 44.0
252.296 17.299500000000002 -9.878 44.0
252.34599999999998 17.334 -9.9145 43.0
252.396 17.381 -9.957 43.0
252.445 17.4065 -9.9845 33.0
252.495 17.4665 -10.032 35.0
252.546 17.508499999999998 -10.0655 32.0
252.595 17.558500000000002 -10.1025 37.0
252.645 17.583 -10.128 37.0
252.696 17.60433857144241 -10.221046576341084 38.0
252.745 17.673499999999997 -10.2195 38.0
252.795 17.693936746494 -10.29745248163298 38.0
252.845 17.748 -10.2805 33.0
252.895 17.804499999999997 -10.317 40.0
252.945 17.842 -10.347000000000001 40.0
252.995 17.887 -10.372 40.0
253.045 17.9115 -10.395000000000001 36.0
253.095 18.00165701813911 -10.408075246852881 34.0
253.145 18.003999999999998 -10.476500000000001 34.0
253.195 18.104851804564632 -10.41796656070196 41.0
253.245 18.114502042843377 -10.488171900681419 41.0
253.295 18.140121934252388 -10.497011091595962 41.0
253.345 18.208215730408753 -10.527993313528317 41.0
253.395 18.235500000000002 -10.591999999999999 41.0
253.445 18.290487751081148 -10.56976045794001 41.0
253.495 18.322499999999998 -10.6405 38.0
253.545 18.3585 -10.6625 38.0
253.595 18.4125 -10.684 43.0
253.645 18.4365 -10.6965 43.0
253.695 18.4985 -10.722999999999999 38.0
253.745 18.5215 -10.738 49.0
253.795 18.589 -10.7605 49.0
253.845 18.6105 -10.768 45.0
253.895 18.6505 -10.782 45.0
253.945 18.698500000000003 -10.7925 45.0
253.99400000000003 18.727439457918045 -10.849077449354048 43.0
254.044 18.762999999999998 -10.805499999999999 43.0
254.09400000000002 18.8525 -10.829999999999998 55.0
254.19400000000002 18.9175 -10.843 43.0
254.24400000000003 18.941499999999998 -10.849 43.0
254.294 19.02152481404895 -10.9072518595105 43.0
254.394 19.086780850377266 -10.908985134532154 43.0
254.44400000000002 19.11421542347438 -10.909968142717378 38.0
254.49400000000003 19.184374264168763 -10.912954792034157 38.0
254.544 19.22216967397398 -11.011277356189641 42.0
254.59400000000002 19.293946002313234 -11.009448087902928 42.0
254.644 19.31844061124017 -11.00897117324851 43.0
254.69400000000002 19.42049444245473 -11.00043608822935 52.0
254.794 19.50317242990767 -11.03957634039179 47.0
254.84400000000002 19.520111836153692 -11.037828892613888 47.0
254.894 19.599832622756978 -11.02560908221518 47.0
254.94400000000002 19.61932215277976 -10.91862108440981 43.0
254.99400000000003 19.704301272677057 -10.950025417968018 48.0
255.044 19.741795940627384 -10.938810396147439 48.0
255.09400000000002 19.803732703043377 -10.812960320847512 45.0
255.19400000000002 19.887639067635412 -10.833347669088528 45.0
255.24400000000003 19.90910390604147 -10.826539712904466 40.0
255.294 20.032674978213116 -10.828334400472006 43.0
255.394 20.091202917587108 -10.741424190631587 39.0
255.44400000000002 20.114221359549994 -10.729942719099991 37.0
255.493 20.181239700315587 -10.635731418095128 39.0
255.593 20.271350087116446 -10.640606147517179 39.0
255.643 20.2906934418837 -10.630691408416698 39.0
255.69299999999998 20.364122555937072 -10.525823037643551 51.0
255.793 20.4075 -10.4355 47.0
255.843 20.4315 -10.4175 47.0
255.893 20.509 -10.3615 56.0
255.94299999999998 20.5265 -10.350999999999999 56.0
255.993 20.5955 -10.3025 56.0
256.043 20.6175 -10.282499999999999 49.0
256.093 20.6905 -10.221499999999999 49.0
256.143 20.701 -10.2045 38.0
256.193 20.753500000000003 -10.1415 52.0
256.243 20.778 -10.119 52.0
256.293 20.8035 -10.0955 48.0
256.343 20.8635 -10.040500000000002 48.0
256.393 20.92 -9.985 49.0
256.443 20.936 -9.96 49.0
256.493 20.995 -9.891 38.0
256.543 21.006 -9.871 47.0
256.593 21.01571744936753 -9.773380477476124 48.0
256.643 21.081000000000003 -9.779 48.0
256.692 21.146500000000003 -9.711 49.0
256.742 21.158500000000004 -9.6965 49.0
256.79200000000003 21.171431939448933 -9.606005442472554 49.0
256.842 21.235 -9.6115 47.0
256.892 21.262732055963866 -9.503234432657388 47.0
256.942 21.261183541121547 -9.49844382792058 31.0
256.992 21.335 -9.463999999999999 56.0
257.04200000000003 21.375999999999998 -9.417 56.0
257.092 21.417499999999997 -9.3675 48.0
257.142 21.455 -9.3235 48.0
257.192 21.497 -9.2725 46.0
257.242 21.5385 -9.2175 41.0
257.29200000000003 21.606 -9.120999999999999 40.0
257.342 21.622500000000002 -9.103 40.0
257.392 21.666 -9.053 54.0
257.442 21.7045 -8.989999999999998 53.0
257.492 21.7695 -8.885 37.0
257.54200000000003 21.786 -8.8675 37.0
257.592 21.813000000000002 -8.839500000000001 44.0
257.642 21.8505 -8.784 46.0
257.692 21.9125 -8.704999999999998 49.0
257.742 21.973499999999998 -8.639 52.0
257.79200000000003 22.000999999999998 -8.613 33.0
257.842 22.036 -8.5615 55.0
257.892 22.13183486693068 -8.520366944188659 31.0
257.942 22.1535 -8.422 50.0
257.992 22.180500000000002 -8.396 40.0
258.04200000000003 22.216 -8.35 44.0
258.091 22.2735 -8.283 47.0
258.14099999999996 22.311500000000002 -8.245000000000001 53.0
258.191 22.398497003669796 -8.223633639699814 53.0
258.241 22.4165 -8.1165 46.0
258.291 22.442500000000003 -8.081 48.0
258.341 22.476 -8.0435 48.0
258.39099999999996 22.528499999999998 -7.987500000000001 51.0
258.441 22.5875 -7.9145 51.0
258.491 22.616500000000002 -7.882999999999999 52.0
258.541 22.6505 -7.846 52.0
258.591 22.6725 -7.8165 52.0
258.64099999999996 22.719640384585887 -7.688269605236924 51.0
258.741 22.78128116459375 -7.621562894548763 51.0
258.791 22.84 -7.626 40.0
258.841 22.86403195695133 -7.527293541016357 54.0
258.89099999999996 22.9265 -7.5335 32.0
258.941 22.988 -7.4715 55.0
258.991 22.969679750207213 -7.411931816818621 55.0
259.041 22.997562329187488 -7.30762578909753 46.0
259.091 23.013719283367756 -7.286407803360239 45.0
259.14099999999996 23.07849781457939 -7.215695658410443 45.0
259.191 23.175 -7.253 40.0
259.241 23.19659445723352 -7.155266027315015 55.0
259.291 23.255499999999998 -7.16 33.0
259.341 23.275161739765604 -7.062745611978741 51.0
259.39099999999996 23.295118703126043 -7.0350152435523485 51.0
259.441 23.357495830226377 -6.967832097091887 48.0
259.49 23.380330394751997 -6.939803602255727 48.0
259.54 23.441748907289686 -6.873097829205221 48.0
259.59 23.462154768273656 -6.845794743691309 48.0
259.64 23.52269293493582 -6.777710618865811 44.0
259.69 23.5835 -6.781000000000001 44.0
259.74 23.601658865576404 -6.681407050445436 45.0
259.79 23.663500000000003 -6.6815 45.0
259.84 23.683300483448196 -6.582655724216234 32.0
259.89 23.63054276373331 -6.488579795119165 42.0
259.94 23.69375580188941 -6.415634601641174 42.0
259.99 23.708947446289084 -6.393608153470559 39.0
260.04 23.85016173976561 -6.384245611978741 43.0
260.09 23.8720738305879 -6.35490181075088 43.0
260.14 23.932318561158052 -6.285634985671685 39.0
260.19 23.993499999999997 -6.287 39.0
260.24 23.973692536162503 -6.158638540144141 38.0
260.29 23.994466311610644 -6.129718257157833 38.0
260.34 24.093371165264656 -6.092074769606576 36.0
260.39 24.075 -6.032999999999998 36.0
260.44 24.175950652428206 -5.995424028763058 39.0
260.49 24.198518981994013 -5.9671873789787995 39.0
260.54 24.220883238289908 -5.8688200739116905 39.0
260.59 24.277699778525275 -5.874904524854501 39.0
260.64 24.374 -5.8415 34.0
260.69 24.36162474994962 -5.776184586917095 38.0
260.74 24.384385869871647 -5.675421237731623 33.0
260.79 24.363063469738126 -5.619585000260128 33.0
260.84 24.463449704436847 -5.582294689740998 35.0
260.89 24.52172841399838 -5.587697839236858 36.0
260.939 24.57768105334226 -5.5247239392301815 36.0
260.98900000000003 24.599354489912706 -5.495195000086712 33.0
261.04 24.616742330529316 -5.399149539213148 44.0
261.089 24.682062304545838 -5.397633523106366 44.0
261.139 24.699052678821815 -5.302796532959267 44.0
261.189 24.798499999999997 -5.336500000000001 36.0
261.23900000000003 24.850499999999997 -5.274 38.0
261.289 24.877499999999998 -5.241 38.0
261.339 24.814971431634355 -5.08132790432219 40.0
261.389 24.8757907851846 -5.083614231200455 40.0
261.439 24.882694109675793 -5.008772220553249 40.0
261.48900000000003 24.95429067180597 -4.9889576055493325 42.0
261.539 24.96652124847782 -4.968102186575823 42.0
261.589 25.040909593737524 -4.883338912308831 41.0
261.639 25.0747960731172 -4.853181480368834 41.0
261.689 25.11447236059879 -4.798724946261378 43.0
261.73900000000003 25.125272859933844 -4.781094630357668 43.0
261.789 25.2725 -4.7675 36.0
261.839 25.231920862654402 -4.670574339763472 40.0
261.889 25.275905678181743 -4.613919723989473 40.0
261.939 25.371000000000002 -4.6530000000000005 33.0
261.98900000000003 25.399983989325424 -4.550817915646707 42.0
262.039 25.39632773673263 -4.48830631950973 33.0
262.089 25.451617033435895 -4.493844586256411 44.0
262.139 25.494835676584003 -4.433406825523518 44.0
262.189 25.5995 -4.3925 38.0
262.23900000000003 25.560180791357666 -4.29492951352104 44.0
262.288 25.564475348136575 -4.2057907933496885 44.0
262.33799999999997 25.6995 -4.273 43.0
262.388 25.729493717872227 -4.169807815760103 39.0
262.438 25.789499999999997 -4.1845 39.0
262.48900000000003 25.772677872040262 -4.04848156003355 40.0
262.538 25.789681084966674 -4.025759309408814 40.0
262.58799999999997 25.89937783966363 -3.9844135112476335 45.0
262.638 25.89626235100877 -3.9220338799857535 45.0
262.688 25.983093361254205 -3.8953949890508204 45.0
262.738 25.964177872040263 -3.8399815600335536 45.0
262.788 26.036524985676955 -3.7665546499629454 49.0
262.83799999999997 26.099970368745282 -3.7786942999941866 49.0
262.888 26.084436368532177 -3.7156311402191022 49.0
262.938 26.165132588306463 -3.693674573862606 50.0
262.988 26.19902097306959 -3.588058692970584 39.0
263.038 26.229642753040263 -3.5620438305869913 45.0
263.08799999999997 26.287389384005245 -3.5677317716498793 45.0
263.138 26.29833904568719 -3.477696380979445 33.0
263.188 26.37105464996295 -3.4050249856769534 38.0
263.288 26.461691619144958 -3.380160036955845 43.0
263.33799999999997 26.471990585346123 -3.3016545464439764 43.0
263.388 26.5268175920245 -3.1740622497831517 43.0
263.488 26.592219491281746 -3.110163869117879 43.0
263.538 26.61812190998935 -3.082352869374632 43.0
263.587 26.71827241032286 -2.9836021311216263 46.0
263.687 26.78177909039261 -2.921095555838898 46.0
263.738 26.798939368255 -2.902988699964081 46.0
263.78700000000003 26.890933982822013 -2.8109339828220166 40.0
263.887 26.985860697961137 -2.783272044994 40.0
263.937 26.978279483305872 -2.717757984590046 40.0
263.987 27.072432674493754 -2.61802272820222 44.0
264.087 27.087053901021175 -2.5247930062722483 38.0
264.137 27.192149539213144 -2.563242330529312 33.0
264.188 27.268487990151264 -2.478252528685825 46.0
264.28700000000003 27.3945 -2.4850000000000003 32.0
264.337 27.353680000730712 -2.3824635300995065 40.0
264.387 27.435591070392636 -2.2911919825568314 46.0
264.487 27.493549074197812 -2.2310517150952767 46.0
264.53700000000003 27.480933982822016 -2.1729339828220198 28.0
264.587 27.597571838239705 -2.121578634752988 50.0
264.687 27.690833178424267 -2.0979589121361153 48.0
264.737 27.684643853898685 -2.031037688170848 48.0
264.78700000000003 27.742361075443156 -1.9717299169533336 48.0
264.837 27.772143853898697 -1.9395376881708444 48.0
264.887 27.82400490468334 -1.884150047112587 52.0
264.937 27.87284615409283 -1.8399529354985513 52.0
264.986 27.930418966289725 -1.77871051282683 47.0
265.036 27.9934964294537 -1.7867963580427697 47.0
265.086 28.004150493705765 -1.6991859637217748 43.0
265.13599999999997 28.072280910340115 -1.698112287216865 43.0
265.186 28.120685826625206 -1.5710354329370158 48.0
265.286 28.18885368538072 -1.5729380511941566 48.0
265.336 28.216746657307038 -1.4784145622491272 49.0
265.38599999999997 28.371499999999997 -1.46 27.0
265.486 28.365569892911672 -1.394228928624196 42.0
265.536 28.377655193265618 -1.2969898670866518 26.0
265.586 28.476930991343085 -1.2527972346968188 51.0
265.63599999999997 28.5415 -1.259 29.0
265.686 28.534843780899326 -1.1944481235959492 53.0
265.736 28.572813171983892 -1.0847686998767285 27.0
265.786 28.576794970566223 -1.0755299803774747 27.0
265.836 28.698644660940676 -1.0216446609406709 42.0
265.88599999999997 28.72784881600947 -0.9919430024093137 45.0
265.936 28.78003932748439 -0.9266620677591726 45.0
265.986 28.878 -0.887 44.0
266.036 28.86780308757019 -0.825989566655376 44.0
266.086 28.886644660940675 -0.8071446609406745 44.0
266.13599999999997 28.9895 -0.7689999999999999 42.0
266.186 29.047 -0.6995 41.0
266.236 29.0725 -0.673 41.0
266.286 29.090500000000002 -0.654 41.0
266.336 29.151 -0.5715 42.0
266.38599999999997 29.1645 -0.545 42.0
266.436 29.2325 -0.47 42.0
266.486 29.2505 -0.451 42.0
266.536 29.272 -0.415 42.0
266.585 29.3795 -0.279 41.0
266.63599999999997 29.40096404826296 -0.1809092530757102 41.0
266.685 29.455 -0.19599999999999995 41.0
266.735 29.4825 -0.14699999999999996 41.0
266.785 29.536500000000004 -0.07250000000000001 43.0
266.835 29.594500000000004 -0.007000000000000006 43.0
266.885 29.619999999999997 0.02149999999999999 43.0
266.935 29.639499999999998 0.062 43.0
266.985 29.7380199083385 0.11591036691558826 34.0
267.035 29.7665 0.22699999999999998 37.0
267.085 29.783 0.246 37.0
267.135 29.810499999999998 0.295 29.0
267.185 29.8555 0.359 33.0
267.235 29.921499999999998 0.4355 32.0
267.285 29.938 0.45399999999999996 32.0
267.335 30.010098144025985 0.4758198906506952 34.0
267.385 30.011 0.5555 35.0
267.435 30.115064920466015 0.5959412206591492 26.0
267.485 30.13135770701004 0.6137137685741356 33.0
267.535 30.194981147844057 0.6953203819300927 33.0
267.585 30.21075854324099 0.7190004715242279 34.0
267.635 30.273884032337907 0.7892970765419902 34.0
267.685 30.325758940618535 0.7713987131310988 31.0
267.735 30.321387042098017 0.8450707467974964 33.0
267.785 30.411534088516476 0.8797332647159105 33.0
267.835 30.4005 1.0194999999999999 38.0
267.935 30.45 1.0775 38.0
267.985 30.52065366852413 1.0847841694160976 30.0
268.035 30.60466470731236 1.1780517634188774 28.0
268.135 30.616999999999997 1.2685 30.0
268.185 30.6575 1.322 31.0
268.23400000000004 30.743000000000002 1.4184999999999999 38.0
268.334 30.793 1.4735 38.0
268.384 30.903086880944308 1.4510304952445519 38.0
268.434 30.91 1.6065 35.0
268.534 30.9605 1.666 35.0
268.584 30.990499999999997 1.6844999999999999 35.0
268.634 31.0775 1.7775 37.0
268.73400000000004 31.125500000000002 1.8405 32.0
268.784 31.235693931775945 1.815735157990448 35.0
268.834 31.2435 1.9765000000000001 36.0
268.934 31.329539028558514 2.0080521087204666 41.0
268.98400000000004 31.333999999999996 2.0845 41.0
269.034 31.417 2.1795 42.0
269.134 31.496792816582396 2.183696000696834 42.0
269.183 31.53571889421338 2.230363830337843 38.0
269.23400000000004 31.537 2.3165 44.0
269.284 31.5805 2.3665 44.0
269.33299999999997 31.621499999999997 2.4135 47.0
269.383 31.654 2.4555 47.0
269.433 31.693 2.492 47.0
269.483 31.732 2.537 47.0
269.533 31.7705 2.5725 47.0
269.58299999999997 31.800999999999995 2.6155 42.0
269.633 31.817 2.633 42.0
269.683 31.821291911162355 2.720885320154018 44.0
269.733 31.896 2.7275 44.0
269.783 31.9255 2.7725 44.0
269.83299999999997 31.963499999999996 2.8085 50.0
269.883 31.9955 2.8575 50.0
269.933 32.00010080251339 2.9318056701485977 52.0
269.983 32.063 2.943 52.0
270.033 32.078 2.9604999999999997 52.0
270.08299999999997 32.1255 3.034 55.0
270.133 32.159 3.0759999999999996 55.0
270.183 32.22875580398672 3.101231484501826 41.0
270.233 32.23721789164886 3.1111274946214627 41.0
270.283 32.245000000000005 3.2085 51.0
270.33299999999997 32.2745 3.2460000000000004 51.0
270.383 32.297 3.2945 51.0
270.433 32.308 3.313 50.0
270.483 32.3215 3.3434999999999997 50.0
270.533 32.41553619670086 3.417772765601107 48.0
270.632 32.400999999999996 3.5085 49.0
270.682 32.435 3.5780000000000003 49.0
270.732 32.49574589007866 3.591817989671183 49.0
270.782 32.4989572515009 3.5993040350710435 49.0
270.832 32.523206316341124 3.662652870991605 42.0
270.882 32.5105 3.7784999999999997 44.0
270.932 32.618936550157116 3.7927833676008564 40.0
270.982 32.63706066635268 3.851535461207916 37.0
271.032 32.640667388042885 3.863383838421713 37.0
271.082 32.6503646866278 3.896040171157365 37.0
271.132 32.72374316411598 3.9671292317548907 39.0
271.182 32.642299844811305 4.05961077843053 47.0
271.232 32.64458002055931 4.075533040796614 47.0
271.282 32.71164534754471 4.146427190658721 37.0
271.332 32.76620788677235 4.198643257076734 37.0
271.382 32.82273516981494 4.23398662601024 45.0
271.432 32.625 4.2745 30.0
271.482 32.835173298214414 4.317493426447207 35.0
271.532 32.88484619899572 4.403568565144653 45.0
271.582 32.83813369932617 4.422900987919624 45.0
271.632 32.834552593065844 4.475692514694609 45.0
271.682 32.829325229597934 4.5459150189080555 40.0
271.732 32.816796905537004 4.611117498625072 37.0
271.782 32.819776746934686 4.594586305215076 40.0
271.832 32.82535279100236 4.6184231620159055 37.0
271.882 32.81417422807148 4.734962480009736 47.0
271.932 32.84846458909148 4.800587606182081 49.0
271.982 32.84057725695053 4.824827032449278 49.0
272.031 32.83790384741714 4.848717414775555 49.0
272.082 32.81035028800627 4.953192319174102 50.0
272.131 32.736746334961424 5.006390950274986 47.0
272.181 32.78717082451251 5.014556941504547 47.0
272.231 32.73740736979741 5.029098759316625 47.0
272.281 32.70358573138242 5.140188541748582 50.0
272.33099999999996 32.735266205723605 5.194163677623269 50.0
272.381 32.6287521632854 5.187134777818761 41.0
272.431 32.569852716335504 5.203520539341806 44.0
272.481 32.507465892415865 5.321060506425804 48.0
272.58099999999996 32.51590966679124 5.40403036485508 51.0
272.631 32.51430249470757 5.420434164902534 51.0
272.681 32.410183024773815 5.51365669774 48.0
272.781 32.423493368531126 5.590844666730044 48.0
272.83099999999996 32.354429288440976 5.609148385976766 42.0
272.881 32.26068939744313 5.713141852791882 46.0
272.981 32.21717916232732 5.759185801759891 46.0
273.031 32.20536168825715 5.781900792679765 46.0
273.08099999999996 32.13330950672008 5.87505535436124 51.0
273.181 32.09685696915395 5.917659191452757 58.0
273.231 32.02521972805351 5.923821062072536 58.0
273.281 31.961659689362406 6.036500956512842 65.0
273.381 31.923964957676244 6.065880029017853 65.0
273.431 31.825 6.023 43.0
273.48 31.862210678118664 6.127210678118651 65.0
273.531 31.81799092308122 6.167790075902145 65.0
273.58099999999996 31.716499999999996 6.1274999999999995 55.0
273.63 31.712855339059335 6.201855339059326 54.0
273.68 31.652623676638306 6.23656724295992 63.0
273.73 31.616720014541798 6.2682344172562665 63.0
273.78 31.575434429890446 6.300781815733908 62.0
273.83 31.53154058916614 6.339527582756606 62.0
273.88 31.530691580278734 6.409173700874599 43.0
273.93 31.44584077214486 6.411742138161575 63.0
273.98 31.413005154639173 6.441613402061856 63.0
274.031 31.39368154428971 6.519484276323153 60.0
274.08 31.321298465114463 6.506025177631887 60.0
274.13 31.306462651908685 6.579400205397662 60.0
274.18 31.211 6.5275 59.0
274.23 31.186507508196446 6.604419554375029 62.0
274.28 31.10834814962841 6.665849608187418 62.0
274.38 31.112861459855843 6.728807463837509 43.0
274.48 31.005010732704665 6.797103601279968 63.0
274.53 30.961070006113417 6.828266095639339 66.0
274.58 30.900165600128823 6.813098661979796 66.0
274.63 30.813 6.814 54.0
274.67900000000003 30.848361459855855 6.916307463837505 63.0
274.72900000000004 30.759424253120006 6.916975728898835 68.0
274.779 30.700499999999998 6.902 68.0
274.83 30.709402875752524 7.01788351394109 58.0
274.879 30.62539782948371 7.005948727821329 78.0
274.92900000000003 30.601498474691994 7.079611163515805 78.0
274.97900000000004 30.573177524838925 7.10047498427772 65.0
275.029 30.51564580441596 7.139087570977255 65.0
275.079 30.514969504755438 7.140086880944301 65.0
275.129 30.402574553553197 7.152353194725407 63.0
275.17900000000003 30.406843154365717 7.212360636129188 53.0
275.279 30.30752693770777 7.2139927371920365 59.0
275.329 30.226096057730228 7.3119999973003456 49.0
275.379 30.2010073903516 7.329844264895069 49.0
275.42900000000003 30.118224787771375 7.321374646285628 46.0
275.47900000000004 30.110999947000153 7.325899915200257 46.0
275.529 30.047059249963603 7.413270721800842 49.0
275.579 30.022301257198087 7.427502218584861 49.0
275.629 29.937068529631222 7.411573408790755 41.0
275.67900000000003 29.933704991151757 7.413523554996106 41.0
275.72900000000004 29.912387102552408 7.483877890089842 41.0
275.779 29.806824523007844 7.528070543150775 42.0
275.829 29.76052085358709 7.60034645606172 40.0
275.879 29.73538034375545 7.608021375021801 40.0
275.92900000000003 29.661489215557324 7.630904842716873 39.0
275.97900000000004 29.618890840605392 7.640389062926067 39.0
276.078 29.552820365727698 7.609792578001327 43.0
276.128 29.51573480126207 7.630428780231814 43.0
276.178 29.401877482847922 7.66072907639022 39.0
276.278 29.357278710294043 7.723170463340015 36.0
276.328 29.303744581706823 7.728369960963851 36.0
276.378 29.232322931476194 7.734907160125882 36.0
276.428 29.186261430276886 7.738538184949001 49.0
276.478 29.156043178021942 7.7379818637367315 49.0
276.528 29.14377674139305 7.706590052433955 49.0
276.578 29.03781590380841 7.727075987842406 41.0
276.628 28.977090536317043 7.8279854856852396 71.0
276.678 28.9135068944528 7.819325403489019 71.0
276.728 28.903602873455668 7.719795174091615 50.0
276.778 28.878188259420792 7.714976382123776 46.0
276.828 28.82025433443405 7.704227287565571 46.0
276.878 28.8325 7.604 26.0
276.928 28.763 7.601 34.0
276.978 28.689151387382683 7.786958684697694 35.0
277.028 28.674986547635584 7.626996074348119 39.0
277.078 28.662809852784946 7.622018323873132 39.0
277.128 28.566836745700833 7.606743761279455 39.0
277.228 28.455262968278326 7.620637201416927 33.0
277.277 28.4885 7.476499999999999 36.0
277.327 28.406 7.496 36.0
277.427 28.27983858387483 7.54422133429606 34.0
277.47700000000003 28.279278640450002 7.5439427190999915 34.0
277.527 28.1965 7.4055 43.0
277.627 28.082032957223046 7.398604630691601 30.0
277.677 28.083139320225 7.399221359549996 30.0
277.72700000000003 27.97193733431294 7.382771263405916 40.0
277.827 27.88584295322858 7.319625329873953 26.0
277.877 27.888029980377464 7.321205029433777 26.0
277.927 27.898021501622097 7.07566406378965 30.0
277.97700000000003 27.88544957554277 7.067250707428753 30.0
278.027 27.71080360225573 7.116669605248011 43.0
278.077 27.714275212228607 7.1193746462856184 43.0
278.127 27.609938106454397 7.028508814899691 37.0
278.177 27.605644660940694 7.02435533905935 37.0
278.22700000000003 27.547 6.904 40.0
278.277 27.544 6.9015 40.0
278.327 27.463500000000003 6.8035 44.0
278.377 27.461 6.802 44.0
278.427 27.383000000000003 6.7205 44.0
278.47700000000003 27.381 6.7185 44.0
278.527 27.270106097294025 6.647769579793149 46.0
278.577 27.27314466094068 6.65185533905934 46.0
278.627 27.19297599690027 6.566146701122822 43.0
278.676 27.18845655952784 6.560734752377706 43.0
278.72700000000003 27.076181632291735 6.471334274747866 46.0
278.777 27.082677872040236 6.481018439966411 46.0
278.827 27.0815 6.323500000000001 38.0
278.876 27.0785 6.32 38.0
278.926 26.88537330645447 6.277510822081739 44.0
278.976 26.8945 6.2925000000000075 44.0
279.026 26.85103083056304 6.226703938596624 44.0
279.07599999999996 26.826939368255005 6.205011300035934 44.0
279.126 26.816562432919376 6.113155691182464 43.0
279.176 26.775710433563425 6.037026362562037 44.0
279.226 26.70490357981881 6.029035607800711 44.0
279.276 26.677458311907458 6.005531648964473 44.0
279.32599999999996 26.663149769398224 5.908503179869383 43.0
279.376 26.541338544939904 5.906812042710172 41.0
279.426 26.587865577791245 5.73748185608986 44.0
279.476 26.58387116526465 5.732925230393416 44.0
279.526 26.504889439536143 5.7126679591215375 44.0
279.57599999999996 26.464869028425284 5.659988911100027 42.0
279.626 26.389193533448932 5.64208992189972 44.0
279.676 26.39922627977011 5.5910254023555845 47.0
279.726 26.347927629238608 5.528717319299143 47.0
279.776 26.27132547226553 5.518083509315295 41.0
279.82599999999996 26.19032905791634 5.496814986653328 38.0
279.876 26.299500000000002 5.3355 39.0
279.926 26.294000000000004 5.3315 39.0
279.976 26.183085593278367 5.284224272807422 45.0
280.026 26.18376524762227 5.285543440472145 45.0
280.07599999999996 26.101144660940673 5.203355339059325 45.0
280.126 26.10415622539035 5.206683074386614 45.0
280.176 26.02270236580471 5.122887232395538 38.0
280.226 26.02676499018875 5.127102514716903 38.0
280.275 25.976999999999997 5.0185 41.0
280.32599999999996 25.994360679775003 4.971278640450008 44.0
280.375 25.9015 4.9495000000000005 44.0
280.425 25.92769703067575 4.9065323891311845 44.0
280.475 25.822499999999998 4.891 37.0
280.525 25.814999999999998 4.885 37.0
280.575 25.779566755089192 4.785442302381531 47.0
280.625 25.774925230393404 4.781371165264635 47.0
280.675 25.63835205059395 4.812807053696195 37.0
280.725 25.697139067635426 4.675652330911479 53.0
280.775 25.617007986678075 4.670776221979869 53.0
280.825 25.605782146558926 4.663792136193919 53.0
280.875 25.550762568151143 4.578107340689911 43.0
280.925 25.527734788556625 4.5692173714778805 43.0
280.975 25.521659745368694 4.489549049760837 39.0
281.025 25.51249999999998 4.482499999999988 39.0
281.075 25.38133776716415 4.477140833649999 48.0
281.125 25.384026123963253 4.4778424462875455 48.0
281.175 25.32246950475544 4.426913119055695 48.0
281.225 25.314623819371956 4.421126652879358 48.0
281.275 25.202938244924233 4.375801979521366 46.0
281.325 25.196629457822493 4.170834879597917 43.0
281.375 25.164265660845597 4.1526956943646365 43.0
281.425 25.064500000000002 4.287000000000001 45.0
281.475 25.066855361626725 4.259978949637035 45.0
281.525 25.027221359549998 4.295057280900008 45.0
281.575 24.948397777662287 4.161651310455661 45.0
281.625 24.84278957962324 4.053816636985898 49.0
281.675 24.84163958722185 4.087891428949114 49.0
281.724 24.84791096594653 4.089120522592518 49.0
281.775 24.73275636448059 4.066722956504236 43.0
281.875 24.704291099460804 4.09907315567287 43.0
281.92400000000004 24.80614506867892 3.984282396981813 45.0
281.974 24.54716529206705 4.160054295674336 40.0
282.074 24.45723935881101 3.956099846073407 43.0
282.124 24.538368329805078 3.9693950105848526 40.0
282.17400000000004 24.357875988508898 3.9555527204744987 51.0
282.274 24.37202146220937 3.9965552478195097 51.0
282.324 24.378280860397144 3.9984177056077552 51.0
282.374 24.198445568866475 4.0356244512168065 60.0
282.474 24.093524396195647 4.0578445352581305 64.0
282.524 24.164306946917797 4.052544424657262 60.0
282.574 24.014667362646705 4.081461471483852 64.0
282.67400000000004 24.012031611040776 4.179411138371445 46.0
282.774 23.904244185241698 4.169723727829547 58.0
282.874 23.888696401086765 4.29076265969013 59.0
282.92400000000004 23.920080361906365 4.185116019029843 58.0
282.974 23.878 4.2844999999999995 59.0
283.024 23.782478760840156 4.212532000633905 60.0
283.074 23.735968192858486 4.295628830551809 60.0
283.17400000000004 23.68376947637485 4.331149239898974 64.0
283.274 23.630264167569855 4.365164596324917 64.0
283.324 23.63827864045013 4.360557280899943 64.0
283.374 23.578285584465135 4.403286605997946 56.0
283.473 23.493402056622458 4.403096736565086 64.0
283.573 23.478393551180137 4.47440947982145 64.0
283.624 23.48155042445721 4.472250707428767 64.0
283.673 23.497 4.593 53.0
283.723 23.450425807011612 4.562535355779514 53.0
283.77299999999997 23.34656361611701 4.586759068131634 60.0
283.873 23.336797987343658 4.590306578484224 60.0
283.923 23.36 4.6945 56.0
283.973 23.291826077976726 4.69880886945315 54.0
284.02299999999997 23.243415185483045 4.668708130951167 54.0
284.123 23.165852726928414 4.742730370559265 51.0
284.173 23.092379292826053 4.820252397208659 59.0
284.27299999999997 23.073182830232494 4.832126391569684 59.0
284.323 23.030155934017447 4.858602975962455 59.0
284.373 22.978055772010084 4.974256446667326 43.0
284.423 22.912500000000033 4.897999999999974 52.0
284.473 22.893904731609414 4.987225535208927 52.0
284.52299999999997 22.885998930068396 5.068828785595942 44.0
284.573 22.796697730036016 5.00761635951638 73.0
284.623 22.774904242408287 5.0873336662191875 73.0
284.673 22.69064425308453 5.101799097080145 62.0
284.723 22.682553695243186 5.179533123400644 62.0
284.77299999999997 22.655029980377474 5.195794970566219 62.0
284.823 22.631391422739085 5.269668172539449 37.0
284.873 22.55387693041004 5.272293119246607 52.0
284.923 22.4838255920061 5.267024953166403 47.0
284.972 22.474790963361233 5.3322924175172455 53.0
285.022 22.417671989726692 5.383519655537256 53.0
285.072 22.38050875455937 5.484374045751856 54.0
285.122 22.378144660940734 5.486644660940611 54.0
285.172 22.306469063229578 5.473671658687206 54.0
285.222 22.22353674675656 5.471281373820031 48.0
285.272 22.171869335189715 5.58155057431259 46.0
285.322 22.198333158767923 5.623188632859623 58.0
285.372 22.189 5.698 58.0
285.422 22.10885359134323 5.693019720949346 58.0
285.472 22.03226398991477 5.694026481499094 50.0
285.522 21.989739733366434 5.725695863106905 50.0
285.572 21.977871305889852 5.802550171875485 51.0
285.622 21.9585 5.8774999999999995 51.0
285.672 21.882078420301703 5.882216159074585 51.0
285.722 21.8190022107532 5.866125793473632 51.0
285.772 21.793708836133 5.948220037813211 66.0
285.822 21.75379780400625 5.97691389709343 66.0
285.872 21.694492152467472 6.03281701423774 64.0
285.922 21.691000000000003 6.0969999999999995 64.0
285.972 21.59728685560892 6.093822490230277 33.0
286.022 21.581 6.166499999999999 62.0
286.072 21.491140007306193 6.182676579152263 35.0
286.122 21.468 6.2615 66.0
286.172 21.406 6.2975 66.0
286.222 21.366999999999997 6.326 59.0
286.272 21.314500000000002 6.3774999999999995 59.0
286.322 21.2635 6.4175 59.0
286.422 21.176 6.477 47.0
286.472 21.19944823658112 6.523164707312361 54.0
286.522 21.082 6.568 53.0
286.621 21.017479405056513 6.675245479289984 54.0
286.721 20.916 6.706 56.0
286.77099999999996 20.906999999999996 6.714 56.0
286.82099999999997 20.822000000000003 6.788 56.0
286.921 20.752000000000002 6.859500000000001 58.0
286.971 20.7425 6.8675 58.0
287.02099999999996 20.66 6.931 68.0
287.121 20.5895 7.006 68.0
287.171 20.58 7.016 68.0
287.221 20.497999999999998 7.088 39.0
287.32099999999997 20.4285 7.1635 68.0
287.371 20.419 7.1745 68.0
287.421 20.3405 7.253 56.0
287.52099999999996 20.274499999999996 7.33 53.0
287.57099999999997 20.264 7.342499999999999 53.0
287.621 20.2015 7.418 42.0
287.671 20.1905 7.428 52.0
287.721 20.080070734489894 7.482512634488698 39.0
287.82099999999997 20.05 7.5840000000000005 53.0
287.87 20.0395 7.5955 53.0
287.92 19.972 7.689 48.0
288.02 19.8747686068459 7.726776397198687 55.0
288.07 19.86955176341888 7.73083529268764 55.0
288.12 19.796286550462717 7.828286728953007 53.0
288.22 19.775 7.932499999999999 47.0
288.27 19.762 7.9475 47.0
288.32 19.65875141368196 8.009741299981012 47.0
288.37 19.6965 8.043 47.0
288.42 19.594218184266083 8.092065570109545 44.0
288.47 19.5912818080585 8.093629534065819 44.0
288.52 19.525326629767854 8.193640982086789 64.0
288.62 19.469566915376937 8.260017223285702 59.0
288.67 19.466293212710866 8.261754440094144 59.0
288.72 19.368506674944314 8.334390920908959 55.0
288.77 19.379789321881344 8.316289321881346 55.0
288.82 19.317774175885457 8.39663616174185 55.0
288.87 19.32128932188136 8.391789321881335 55.0
288.92 19.2743441153821 8.497746883759827 48.0
288.97 19.274341515383462 8.49524339933049 48.0
289.02 19.246977362808 8.587358452427164 54.0
289.07 19.260499999999997 8.557500000000012 54.0
289.12 19.180781686538506 8.652746423152053 55.0
289.17 19.21833713232153 8.577238044078697 54.0
289.22 19.146044247667884 8.691002915491577 55.0
289.27 19.19644781675168 8.696417130587907 55.0
289.319 19.05428637354594 8.82130105572569 47.0
289.369 19.061450247855262 8.776037128835286 49.0
289.41900000000004 19.249000000000002 8.9005 22.0
289.469 19.088017760376605 8.781172850843426 49.0
289.519 19.03234179295514 8.764143040506035 49.0
289.569 19.057641904702937 8.920994057128699 53.0
289.619 19.05794182717475 9.019504474832717 52.0
289.66900000000004 19.09027000109608 8.913695295149257 53.0
289.719 19.090201605026778 8.983388659702793 53.0
289.769 19.06403219015252 9.025425019474586 52.0
289.819 19.065453988425574 9.123990691650764 38.0
289.869 19.013581443511505 9.09375206189941 52.0
289.91900000000004 19.027901107269077 9.207389349718873 53.0
289.969 19.07263167019496 9.150877223398325 38.0
290.019 19.08535764072181 9.249722636159344 53.0
290.07 19.079623155435605 9.192657636797861 38.0
290.119 19.024384624442295 9.09572437079968 52.0
290.16900000000004 19.089451340075644 9.261745623559076 53.0
290.219 19.06240055707011 9.354312663795689 41.0
290.269 19.0915215509175 9.330426321602467 41.0
290.319 19.07412203382782 9.427447100848607 42.0
290.369 19.055376506039877 9.369733734943965 41.0
290.41900000000004 19.075508219842714 9.469864020657631 42.0
290.468 19.059131593474742 9.444295501806256 42.0
290.518 19.098100084799746 9.468500052999843 42.0
290.568 19.085394927689187 9.532228094305523 36.0
290.618 19.07817322095036 9.626907958820706 28.0
290.668 19.158 9.618500000000001 37.0
290.718 19.1845 9.648 37.0
290.769 19.1815 9.68 37.0
290.818 19.161492332297364 9.74823447246884 37.0
290.868 19.154509423294364 9.775029309190181 37.0
290.918 19.2125 9.801 38.0
290.968 19.2175 9.8375 38.0
291.018 19.2155 9.855500000000001 38.0
291.068 19.250500000000002 9.9445 33.0
291.168 19.288 10.0105 28.0
291.218 19.33925185951053 10.020524814048951 31.0
291.268 19.33 10.101500000000001 34.0
291.368 19.363500000000002 10.15 34.0
291.418 19.365000000000002 10.165 34.0
291.468 19.41 10.24 30.0
291.568 19.4495 10.292 30.0
291.618 19.50043416490253 10.286688611699164 28.0
291.668 19.534377924982003 10.331207722403981 28.0
291.767 19.521 10.399 28.0
291.817 19.57255008348796 10.390809219061353 28.0
291.867 19.613010609336502 10.439224252859532 32.0
291.967 19.647761429729492 10.475574592028957 32.0
292.017 19.66182924230827 10.498371699665249 32.0
292.067 19.662 10.576 30.0
292.16700000000003 19.736775691143144 10.596780905034787 28.0
292.217 19.7075 10.6405 30.0
292.267 19.80449818715923 10.667288088543671 29.0
292.367 19.816 10.7475 35.0
292.41700000000003 19.826999999999998 10.764 35.0
292.467 19.91185533905933 10.778144660940672 30.0
292.517 19.925348872409753 10.78937454323136 30.0
292.567 19.948 10.875 35.0
292.617 19.961 10.892000000000001 35.0
292.666 20.018 10.9455 42.0
292.717 20.037 10.966000000000001 42.0
292.76599999999996 20.103 11.0225 45.0
292.817 20.116 11.04 45.0
292.866 20.1445 11.0595 45.0
292.916 20.226326494421397 11.074679750021165 25.0
292.966 20.245 11.1555 46.0
293.01599999999996 20.258499999999998 11.172999999999998 46.0
293.066 20.308999999999997 11.222000000000001 48.0
293.116 20.3245 11.238500000000002 48.0
293.166 20.387999999999998 11.298499999999999 48.0
293.26599999999996 20.496677399932878 11.26625914480308 37.0
293.316 20.441000000000003 11.355500000000001 32.0
293.366 20.462 11.373999999999999 32.0
293.416 20.528724333092924 11.381490886016 46.0
293.466 20.59840994395864 11.382595801838264 46.0
293.51599999999996 20.615250913537267 11.402302255180482 48.0
293.565 20.622610912905543 11.484992088347422 48.0
293.616 20.622425230393425 11.484371165264653 48.0
293.665 20.698516938188064 11.492711654398025 48.0
293.716 20.717423192051903 11.518153765563662 39.0
293.76599999999996 20.722828010273304 11.520019655537247 39.0
293.816 20.805142473933657 11.545232645389646 40.0
293.865 20.805136998595373 11.540769633131442 40.0
293.915 20.844060020681006 11.589314270942133 40.0
293.966 20.860035596753896 11.677693326776934 39.0
294.015 20.921560020681014 11.676314270942157 37.0
294.065 20.911983785536506 11.739837836291311 44.0
294.115 20.933086880944302 11.76603049524456 44.0
294.165 21.009725300358458 11.776412751762212 41.0
294.215 21.026888490354803 11.796381293981625 41.0
294.265 21.100765692960447 11.802094915553706 39.0
294.315 21.13116573882418 11.840395633503357 39.0
294.365 21.13002801260339 11.919929009722836 44.0
294.415 21.106472885184598 11.973447164444853 44.0
294.465 21.110647537716865 11.974741930837167 44.0
294.515 21.23670213309007 11.974269984743204 35.0
294.565 21.203566017177984 12.008933982822022 46.0
294.615 21.23804517948972 12.053997520360213 46.0
294.665 21.277540578335643 12.090910676828067 46.0
294.715 21.336747216860633 12.084365660464986 28.0
294.765 21.327828153911 12.156614921260879 37.0
294.814 21.359183058426076 12.196627034793403 37.0
294.865 21.329258069162833 12.236352462283136 33.0
294.914 21.357820988289266 12.267542890011537 33.0
294.964 21.43517297174108 12.282502546585846 32.0
295.014 21.4204932372321 12.348476855970597 35.0
295.064 21.44829249036956 12.37862166479702 35.0
295.11400000000003 21.517644262744057 12.383967782950554 29.0
295.164 21.638135997979777 12.382761742531216 35.0
295.214 21.61800991995652 12.442462085029218 36.0
295.264 21.523895027825773 12.560881495036039 39.0
295.314 21.54985946960756 12.591928968033024 39.0
295.36400000000003 21.701746694241344 12.546252361256174 38.0
295.414 21.78350922732333 12.586004982163862 38.0
295.464 21.776268342620657 12.571920847080511 38.0
295.514 21.642517447642096 12.738741566972983 33.0
295.564 21.610500000000002 12.778500000000001 33.0
295.61400000000003 21.82288684303156 12.745095974687322 38.0
295.714 21.818237733357297 12.84313803507511 34.0
295.814 21.897747567778694 12.893882731052189 34.0
295.914 21.831640783139747 12.988759635041667 31.0
295.964 21.837193421515774 12.997297987343664 31.0
296.014 21.925505791618992 13.049314797105783 30.0
296.113 21.909646523539287 13.137153916547165 28.0
296.164 21.919393635286823 13.181165954706977 28.0
296.21299999999997 22.03390259745259 13.215399262885079 38.0
296.313 22.00213890992777 13.283281212942075 38.0
296.36400000000003 22.008038749524996 13.295493349253757 38.0
296.413 21.9005 13.446000000000002 38.0
296.513 21.912 13.5065 43.0
296.563 21.911 13.532 43.0
296.613 21.9165 13.617999999999999 38.0
296.71299999999997 21.925 13.683 38.0
296.763 21.925 13.715 37.0
296.813 21.937 13.817 39.0
296.913 21.935000000000002 13.878 39.0
296.96299999999997 21.929499999999997 13.902999999999999 51.0
297.013 21.9155 13.991499999999998 51.0
297.113 21.9085 14.055 42.0
297.163 21.905500000000004 14.0835 42.0
297.21299999999997 21.899 14.181999999999999 46.0
297.313 21.883499999999998 14.2445 40.0
297.363 21.874000000000002 14.268 40.0
297.413 21.8655 14.303999999999998 42.0
297.46299999999997 21.843000000000004 14.353000000000002 42.0
297.512 21.836000000000002 14.395500000000002 42.0
297.562 21.912191408416696 14.465693441883698 38.0
297.613 21.787 14.536000000000001 45.0
297.712 21.757 14.597 45.0
297.762 21.701100095764623 14.591216341428128 45.0
297.812 21.6935 14.700499999999998 49.0
297.91200000000003 21.662999999999997 14.749500000000001 49.0
297.962 21.6385 14.7835 49.0
298.012 21.5995 14.852 47.0
298.062 21.583 14.872 47.0
298.112 21.549500000000002 14.923 49.0
298.16200000000003 21.5255 14.956999999999999 49.0
298.212 21.4835 15.023499999999999 50.0
298.262 21.467 15.0415 50.0
298.312 21.431 15.093 50.0
298.362 21.434643634305715 15.161549062203989 43.0
298.41200000000003 21.404718458691654 15.190480948098623 43.0
298.462 21.3225 15.2085 51.0
298.512 21.302 15.242 51.0
298.562 21.246 15.293 45.0
298.612 21.2065 15.325500000000002 45.0
298.661 21.185206778529214 15.415492214771035 51.0
298.711 21.128 15.4115 51.0
298.762 21.064500000000002 15.465500000000002 37.0
298.811 21.0315 15.495000000000001 37.0
298.861 20.971000000000004 15.550500000000001 47.0
298.911 20.947499999999998 15.582 47.0
298.961 20.880499999999998 15.6405 38.0
299.01099999999997 20.8455 15.677 38.0
299.061 20.7855 15.7305 44.0
299.111 20.7605 15.7625 44.0
299.161 20.7185 15.794 44.0
299.211 20.654 15.8465 39.0
299.26099999999997 20.592 15.900500000000001 45.0
299.311 20.5655 15.932000000000002 45.0
299.361 20.525927980316563 16.026786893915634 26.0
299.411 20.450499999999998 16.019 48.0
299.461 20.417494473751418 16.116123041741155 32.0
299.51099999999997 20.3575 16.109 47.0
299.561 20.2825 16.1715 29.0
299.611 20.243499999999997 16.205000000000002 53.0
299.661 20.21501130730285 16.29965011562807 53.0
299.711 20.190883645617717 16.32625791293825 44.0
299.76099999999997 20.11507246809565 16.393499491384045 44.0
299.811 20.0365 16.397 35.0
299.86 19.976 16.4555 41.0
299.911 19.948999999999998 16.485500000000002 41.0
299.96 19.8795 16.5465 40.0
300.01 19.8375 16.5815 40.0
300.06 19.801000000000002 16.617 33.0
300.11 19.7465 16.671 41.0
300.16 19.668 16.740000000000002 40.0
300.26 19.581 16.8215 43.0
300.31 19.5545 16.845 43.0
300.36 19.455 16.935499999999998 36.0
300.46 19.3475 17.025 34.0
300.56 19.2755 17.0915 40.0
300.61 19.21567377609883 17.077284764028445 40.0
300.66 19.11198496558636 17.168449933386672 41.0
300.76 19.046499999999998 17.2975 43.0
300.86 18.9675 17.366 41.0
300.91 18.9405 17.391000000000002 41.0
300.96 18.802615631520208 17.384987435744453 39.0
301.01 18.8445 17.4805 38.0
301.06 18.704681968687044 17.47255216257289 38.0
301.11 18.7435 17.570500000000003 34.0
301.159 18.648000000000003 17.656 27.0
301.259 18.5505 17.739 29.0
301.35900000000004 18.42084202893315 17.787076091135077 41.0
301.459 18.384 17.8825 40.0
301.509 18.321802317493407 17.870173269257076 40.0
301.559 18.284 17.976 43.0
301.60900000000004 18.223460431327197 17.962037169881736 43.0
301.659 18.182000000000002 18.0685 36.0
301.709 18.087217390580232 18.020889528971257 42.0
301.759 18.018852462283135 18.087241930837166 42.0
301.809 17.99542086265441 18.107074339763468 37.0
301.85900000000004 17.918856591737963 18.1763935716219 37.0
301.909 17.889110675895896 18.204992210835382 38.0
301.959 17.822195721638458 18.26843298766556 38.0
302.009 17.863 18.365499999999997 34.0
302.059 17.76006654328135 18.390821996128864 40.0
302.10900000000004 17.761499999999998 18.4545 33.0
302.159 17.662926363464205 18.481365185279632 43.0
302.209 17.603556218169192 18.46682408871287 43.0
302.259 17.58905321929513 18.54829010923776 39.0
302.309 17.543457111422686 18.591850465442345 39.0
302.35900000000004 17.54 18.666 38.0
302.409 17.458685438486178 18.66934545748971 39.0
302.459 17.39944083458444 18.724394354927206 38.0
302.509 17.369578684498435 18.752734685453706 38.0
302.559 17.3535 18.846 34.0
302.60900000000004 17.323999999999998 18.871 34.0
302.658 17.272 18.923499999999997 47.0
302.709 17.242 18.951 47.0
302.759 17.189999999999998 19.0045 38.0
302.809 17.161499999999997 19.029 38.0
302.858 17.143 19.052 38.0
302.908 17.079 19.1115 39.0
302.959 17.028 19.168 39.0
303.009 16.999000000000002 19.1915 25.0
303.058 16.9815 19.213 49.0
303.108 16.9185 19.274 49.0
303.158 16.874000000000002 19.332 36.0
303.20799999999997 16.8445 19.354 36.0
303.258 16.774887541463926 19.353403664051406 44.0
303.308 16.733803232104325 19.396506609417067 44.0
303.358 16.68641181837734 19.45210724740502 39.0
303.408 16.6965 19.5035 41.0
303.45799999999997 16.6635 19.5345 41.0
303.508 16.619 19.573500000000003 41.0
303.558 16.534880994922023 19.584923352602953 36.0
303.608 16.516572077362756 19.59505515455229 36.0
303.658 16.4815 19.680500000000002 35.0
303.70799999999997 16.39601557045794 19.625086442941562 49.0
303.758 16.367457857248397 19.65263978582334 49.0
303.808 16.33352109322735 19.676244266111294 49.0
303.857 16.29413801296539 19.709817699223088 44.0
303.908 16.28574255426326 19.76850473011714 44.0
303.957 16.24235933651569 19.795688357995513 44.0
304.007 16.208872649348063 19.756018589280377 44.0
304.057 16.180992725688192 19.828140556545737 36.0
304.107 16.089739622133983 19.82384093756952 40.0
304.157 16.080458670440276 19.887515811228763 40.0
304.207 16.063584914195335 19.897740108422298 40.0
304.257 16.0385 19.964 32.0
304.307 15.9835 19.9805 37.0
304.357 15.886313062264636 19.96186671972994 39.0
304.407 15.815581512926206 19.99071727269446 39.0
304.457 15.846622776601693 20.138368329805047 36.0
304.507 15.7805 20.054499999999997 39.0
304.557 15.712 20.079 39.0
304.607 15.693999999999999 20.0875 33.0
304.657 15.651007652118688 20.14788342507387 35.0
304.707 15.549500000000002 20.121499999999997 32.0
304.757 15.504999999999999 20.127000000000002 32.0
304.807 15.45647289804131 20.23858570865255 31.0
304.906 15.389256514941547 20.242886813772444 28.0
304.95599999999996 15.36362087190281 20.246635476598996 28.0
305.006 15.265223881725085 20.2489851400549 36.0
305.106 15.170723293275962 20.24646144206527 33.0
305.156 15.150073678397533 20.205478449082506 33.0
305.20599999999996 15.011 20.2075 35.0
305.306 14.939216873930011 20.24420889695769 36.0
305.356 14.921040461995279 20.24432226157912 36.0
305.406 14.844000000000001 20.126 31.0
305.506 14.7635 20.107999999999997 38.0
305.556 14.724499999999999 20.110500000000002 38.0
305.606 14.609748050543114 20.240620098738994 28.0
305.656 14.596315156059731 20.135345000869815 32.0
305.70599999999996 14.538299529619525 20.10497282786964 32.0
305.756 14.518349126571529 20.100455737729824 32.0
305.806 14.457999999999998 20.012 37.0
305.906 14.374312192040668 20.02198001998807 41.0
305.95599999999996 14.352604498502718 20.02252223802597 41.0
306.006 14.265999999999998 19.924500000000002 46.0
306.105 14.19036493704694 19.920074251239974 37.0
306.156 14.197 19.868000000000002 43.0
306.20599999999996 14.1295 19.805500000000002 43.0
306.305 14.09 19.752 47.0
306.355 14.054 19.7425 47.0
306.405 13.9885 19.6695 44.0
306.505 13.9585 19.6205 44.0
306.555 13.933 19.597 40.0
306.605 13.9055 19.5445 40.0
306.655 13.8735 19.5225 32.0
306.705 13.8475 19.469 40.0
306.755 13.898187367658176 19.375946033078193 41.0
306.805 13.845676968331492 19.364824818235224 41.0
306.855 13.805327845591236 19.32453121645969 41.0
306.905 13.796604981893339 19.288152373669757 33.0
306.955 13.729500000000002 19.2785 33.0
307.005 13.75404437059344 19.199064026586363 38.0
307.055 13.730240953777711 19.15924739594078 38.0
307.105 13.72013515425218 19.130467740355822 38.0
307.155 13.721902628924129 19.121381085692235 38.0
307.205 13.668548362553427 18.988018000458165 39.0
307.30400000000003 13.610500000000002 18.9705 39.0
307.35400000000004 13.636649516679148 18.89435899411324 39.0
307.405 13.620031002320538 18.83660673486596 39.0
307.454 13.607367028538402 18.798988610071525 41.0
307.504 13.646911602977022 18.753951877441118 41.0
307.55400000000003 13.5305 18.713500000000003 36.0
307.60400000000004 13.524000000000001 18.647 36.0
307.655 13.561648200985712 18.596018503724 47.0
307.704 13.509 18.590500000000002 47.0
307.754 13.547887895187776 18.54140589029359 47.0
307.80400000000003 13.528543054774982 18.4630178535682 46.0
307.85400000000004 13.518658320756732 18.40936438286822 46.0
307.904 13.51293319330221 18.386581232486616 48.0
307.954 13.504683271801882 18.30938105854621 48.0
308.004 13.448 18.2705 39.0
308.05400000000003 13.440000000000001 18.2095 39.0
308.10400000000004 13.434000000000001 18.188 40.0
308.154 13.421 18.1015 40.0
308.204 13.407499999999999 18.052 39.0
308.254 13.402 17.990000000000002 38.0
308.30400000000003 13.444564865581604 17.95360656353104 38.0
308.35400000000004 13.446497046575555 17.920043446158427 38.0
308.404 13.442967483124317 17.82069704957799 45.0
308.454 13.4424981738161 17.76357266518106 51.0
308.503 13.436529033784552 17.72919419324309 51.0
308.553 13.427723756906062 17.64375138121547 45.0
308.603 13.416124326215357 17.581683317441918 50.0
308.653 13.4134043397597 17.53140858072285 50.0
308.703 13.408895976319418 17.50125161155774 50.0
308.753 13.413343886827475 17.4624480306398 40.0
308.803 13.415985420274858 17.35620737730132 42.0
308.853 13.3645 17.299 38.0
308.903 13.3615 17.2765 38.0
308.953 13.357 17.234 38.0
309.003 13.446953551957908 17.133060124380112 39.0
309.053 13.343 17.085 44.0
309.103 13.340499999999999 17.066000000000003 44.0
309.153 13.347 17.014000000000003 44.0
309.203 13.350999999999999 16.945 41.0
309.253 13.3435 16.862000000000002 42.0
309.303 13.340499999999999 16.844 42.0
309.353 13.385083603676275 16.799060570951138 49.0
309.403 13.329 16.741500000000002 49.0
309.453 13.321 16.654 39.0
309.553 13.315999999999999 16.5305 47.0
309.652 13.311499999999999 16.409 42.0
309.752 13.302499999999998 16.3475 37.0
309.803 13.348870311826701 16.295401111517663 38.0
309.85200000000003 13.335663584045065 16.181709626972324 38.0
309.953 13.334488686502882 16.11593641092547 38.0
310.002 13.326164100249217 16.067395536990883 41.0
310.052 13.2675 15.961 36.0
310.152 13.254 15.849499999999999 34.0
310.252 13.24 15.737 41.0
310.35200000000003 13.241 15.660999999999998 50.0
310.402 13.234499999999999 15.6185 50.0
310.452 13.2275 15.499500000000001 38.0
310.552 13.218 15.4405 38.0
310.60200000000003 13.214500000000001 15.392000000000001 36.0
310.652 13.152305813266311 15.285021576303743 34.0
310.752 13.197500000000002 15.246500000000001 34.0
310.802 13.200500000000002 15.139 27.0
310.85200000000003 13.199 15.058 38.0
310.902 13.1965 15.008 38.0
310.95099999999996 13.185500000000001 14.940999999999999 32.0
311.002 13.1835 14.8915 45.0
311.051 13.171 14.7745 36.0
311.151 13.167 14.740499999999999 36.0
311.202 13.1725 14.6345 39.0
311.251 13.168000000000001 14.498000000000001 41.0
311.351 13.1575 14.429 41.0
311.401 13.156 14.378 49.0
311.452 13.142999999999999 14.2565 44.0
311.551 13.156 14.1525 40.0
311.601 13.14 14.09 34.0
311.651 13.1455 14.0105 34.0
311.70099999999996 13.1395 13.945 37.0
311.751 13.129000000000001 13.872499999999999 37.0
311.801 13.126000000000001 13.8225 37.0
311.851 13.062305813266327 13.702021576303743 35.0
311.95099999999996 13.108 13.661999999999999 33.0
312.001 13.1135 13.57 39.0
312.051 13.111500000000001 13.4415 34.0
312.15 13.108 13.407499999999999 34.0
312.20099999999996 13.098500000000001 13.316500000000001 31.0
312.251 13.0855 13.190999999999999 37.0
312.351 13.081999999999999 13.1685 37.0
312.4 13.037667620680377 13.097409282294656 43.0
312.45099999999996 13.0745 12.9725 44.0
312.5 13.0725 12.92 44.0
312.55 13.01962098468325 12.905855752436757 44.0
312.6 13.063 12.848500000000001 43.0
312.65 13.052 12.723500000000001 52.0
312.7 13.0495 12.6705 40.0
312.75 13.0455 12.6395 40.0
312.8 13.053 12.5835 39.0
312.85 13.037 12.450499999999998 41.0
312.9 12.984078424586443 12.399799340677395 41.0
312.95 12.980359689265732 12.387581026365302 41.0
313.0 12.970414024247708 12.3365166687683 41.0
313.05 13.0 12.203 36.0
313.1 12.996500000000001 12.1495 41.0
313.15 12.9905 12.118500000000001 41.0
313.2 12.951731151065033 11.999697742646626 43.0
313.25 13.0015 11.935500000000001 14.0
313.3 12.9985 11.8735 46.0
313.35 12.993500000000001 11.852999999999998 46.0
313.4 12.9835 11.802999999999999 46.0
313.45 12.967 11.6875 48.0
313.5 12.963999999999999 11.625 48.0
313.55 12.959499999999998 11.604500000000002 48.0
313.599 12.9585 11.546500000000002 40.0
313.649 12.9465 11.462 29.0
313.699 12.93 11.358 32.0
313.749 12.924499999999998 11.338 32.0
313.79900000000004 12.913 11.2895 31.0
313.849 12.854365742933576 11.221536598832405 41.0
313.899 12.889500000000002 11.1115 39.0
313.95 12.884500000000001 11.0915 47.0
313.999 12.853931677988287 11.023596924300971 47.0
314.04900000000004 12.899 10.977 41.0
314.099 12.894 10.849 42.0
314.199 12.879999999999999 10.7805 39.0
314.249 12.876000000000001 10.7255 39.0
314.29900000000004 12.859000000000002 10.6025 43.0
314.399 12.826187085901184 10.495739461090047 35.0
314.449 12.868500000000001 10.4265 35.0
314.499 12.76503057693755 10.287472741913206 31.0
314.598 12.754860607616772 10.23243989873054 31.0
314.649 12.799172712087756 10.166152273992685 32.0
314.698 12.782933404787965 10.04406906683533 34.0
314.798 12.7972671087308 9.949775183825713 32.0
314.848 12.789251457242798 9.88900824255945 35.0
314.89799999999997 12.784035295284724 9.752878372357719 34.0
314.998 12.772312259194809 9.691475865110437 46.0
315.048 12.767163547594267 9.631040793438304 46.0
315.098 12.750459703085127 9.509264538534563 33.0
315.198 12.771238681404 9.417429226213583 35.0
315.248 12.761380554101523 9.36815715752025 34.0
315.298 12.558069175430123 9.240380725283996 35.0
315.39799999999997 12.550345290665087 9.203110499246616 35.0
315.448 12.692059140827265 9.11956009123958 31.0
315.498 12.675426732724997 8.998582625352217 34.0
315.598 12.676523621117639 8.89082660045908 35.0
315.64799999999997 12.670345134161288 8.852473533848054 35.0
315.698 12.65743875409494 8.715857259953482 33.0
315.797 12.696220638148779 8.647958397929687 39.0
315.848 12.540287853213066 8.605160157089733 36.0
315.89799999999997 12.572142041602874 8.480634050244733 40.0
315.997 12.586494120163277 8.34912256096807 32.0
316.047 12.582107494531531 8.313177746419262 32.0
316.097 12.574752874518119 8.18720622822569 36.0
316.197 12.572707174399056 8.178066299547963 36.0
316.247 12.558366707557157 8.072702583438831 31.0
316.297 12.589621215417754 7.9449327144062964 35.0
316.397 12.586188353104514 7.9228707006281915 35.0
316.447 12.598622118644279 7.780362823641168 32.0
316.497 12.593677151931963 7.721949706176244 32.0
316.547 12.488543712277774 7.677905773099709 36.0
316.597 12.487201881594862 7.675302071883927 36.0
316.647 12.478121760861073 7.636471901339753 36.0
316.697 12.4963059654459 7.4327062087076445 38.0
316.797 12.494249859525715 7.426452736872127 38.0
316.847 12.493544908671453 7.24432977049196 28.0
316.897 12.485306749161953 7.196256445915544 35.0
316.947 12.477977989271057 7.132600886477092 35.0
316.996 12.47882800329475 7.144241248970401 35.0
317.046 12.415760008898516 7.109042854418822 35.0
317.097 12.482560880430544 6.955985950669875 34.0
317.147 12.473621360314882 6.882130407644732 35.0
317.19599999999997 12.47313167019495 6.8876227766016775 35.0
317.246 12.353010181822016 6.707943834711976 40.0
317.296 12.371098060485915 6.725988146517626 40.0
317.346 12.358676899010772 6.647928229899225 39.0
317.39599999999996 12.360434742955771 6.6609695771132715 39.0
317.44599999999997 12.393619284903867 6.600662908948248 39.0
317.496 12.363675223770757 6.470500906979362 33.0
317.546 12.3535194798774 6.390958654701867 42.0
317.596 12.355694052756062 6.407898602497918 33.0
317.64599999999996 12.354384673508788 6.287732873473686 40.0
317.69599999999997 12.377034696749229 6.211448516631602 40.0
317.746 12.366809269167637 6.137196413546539 39.0
317.796 12.367225123927625 6.145731435582363 39.0
317.846 12.39001527025852 6.01352478190058 47.0
317.89599999999996 12.386912904420257 6.006316819849905 47.0
317.94599999999997 12.375676130920418 5.892693097892838 39.0
317.996 12.374687970590216 5.881331480818239 39.0
318.046 12.355757074671406 5.800641240075109 39.0
318.096 12.305325808840507 5.80913363969981 39.0
318.14599999999996 12.394 5.6775 37.0
318.19599999999997 12.394 5.666500000000001 37.0
318.246 12.3765 5.6195 37.0
318.296 12.366499999999998 5.5455000000000005 36.0
318.345 12.358 5.4335 29.0
318.39599999999996 12.3575 5.4195 29.0
318.445 12.293024632163103 5.3886264361905365 37.0
318.495 12.279509015442992 5.302116350720613 37.0
318.545 12.267277133059473 5.186757043200761 43.0
318.595 12.26550252531694 5.174571067811861 43.0
318.645 12.298 5.1205 43.0
318.695 12.2945 5.0595 48.0
318.746 12.278 4.926500000000001 43.0
318.846 12.246 4.789 38.0
318.945 12.232 4.68 38.0
319.045 12.159479040124104 4.572846090231483 38.0
319.145 12.240967049766502 4.440219135532203 37.0
319.245 12.171500000000002 4.391 38.0
319.295 12.156500000000001 4.336 38.0
319.344 12.1395 4.2219999999999995 36.0
319.445 12.121 4.164 38.0
319.494 12.16583287606162 4.0989153380277354 41.0
319.54400000000004 12.140529033784542 3.9706941932430917 39.0
319.644 12.169936550157134 3.892783367600844 41.0
319.694 12.12644003499797 3.872448040931272 41.0
319.744 12.105203866564246 3.7476129580214375 39.0
319.844 12.131197712922965 3.6181000217805144 38.0
319.944 12.009500000000001 3.5145 42.0
319.994 12.009500000000001 3.5140000000000002 42.0
320.04400000000004 12.091190206536805 3.393867947008406 41.0
320.144 12.044490002998979 3.3109998000599794 41.0
320.194 11.994499999999999 3.309 24.0
320.244 12.028574143537767 3.1844881421624125 36.0
320.343 12.009943865208319 3.0605633210865535 35.0
320.393 11.9605 3.067 31.0
320.443 12.034427120699396 2.9128335937206233 35.0
320.494 11.936 2.9295 30.0
320.543 11.9395 2.833 39.0
320.593 11.9395 2.832 39.0
320.643 12.025913474499452 2.701685145033533 36.0
320.743 11.9195 2.641 40.0
320.793 11.909500000000001 2.5875000000000004 41.0
320.843 11.936922559702104 2.4364230222059478 39.0
320.943 11.907499999999999 2.3945 40.0
320.993 11.903500000000001 2.332 40.0
321.043 11.943851529816547 2.2051496785914044 41.0
321.142 11.929671341408676 2.0817765532533197 38.0
321.192 11.928007125007273 2.0733732187482095 38.0
321.243 11.917161469131377 2.0143813404030495 38.0
321.29200000000003 11.854 1.9655 35.0
321.342 11.948745869983055 1.8883752950012105 39.0
321.392 11.849 1.846 36.0
321.443 11.834499999999998 1.7229999999999999 36.0
321.54200000000003 11.8325 1.7135 36.0
321.592 11.8175 1.597 35.0
321.642 11.8035 1.536 35.0
321.692 11.847306492501271 1.4636053094851817 36.0
321.742 11.845239177940899 1.4508107333045481 36.0
321.79200000000003 11.807 1.3215 37.0
321.842 11.848619788934132 1.2508456075740606 31.0
321.892 11.796 1.1945 35.0
321.942 11.7945 1.185 35.0
321.992 11.830653056159713 1.065120032823192 31.0
322.04200000000003 11.8186745028656 0.9994518914727313 37.0
322.092 11.80992822994785 0.9419601005164284 37.0
322.142 11.757000000000001 0.8815 37.0
322.192 11.7665 0.818 37.0
322.241 11.756 0.6915 31.0
322.29200000000003 11.756 0.6875 31.0
322.341 11.752500000000001 0.621 31.0
322.392 11.84208865646406 0.5512585300343997 36.0
322.441 11.840139392383207 0.5395601012694735 36.0
322.491 11.805641889901091 0.44147350542378194 33.0
322.541 11.806423834544264 0.4440695338177041 33.0
322.591 11.75 0.313 32.0
322.64099999999996 11.7485 0.3015 32.0
322.691 11.758000000000001 0.17350000000000002 28.0
322.741 11.759500000000001 0.16350000000000003 28.0
