11.7585783956 -2.609996E-01 0 1.31961652829 0
11.747668588 -3.256359E-01 0 1.30267203567 0
11.7375140798 -3.895752E-01 0 1.28719589284 0
11.7280009183 -4.528652E-01 0 1.27306598994 0
11.7190254596 -5.155519E-01 0 1.26017495003 0
11.7104940208 -5.776793E-01 0 1.24842809568 0
11.7023225331 -6.392897E-01 0 1.23774150885 0
11.6944361941 -7.004237E-01 0 1.22804022343 0
11.6867691204 -7.611201E-01 0 1.21925658002 0
11.6792640004 -8.214160E-01 0 1.21132876327 0
11.6718717467 -8.813468E-01 0 1.20419953378 0
11.6645511489 -9.409462E-01 0 1.19781515971 0
11.657268526 -1.00024642615 0 1.19212454648 0
11.6499973791 -1.05927779403 0 1.18707855816 0
11.6427180439 -1.11806916867 0 1.18262951911 0
11.6354173435 -1.17664778621 0 1.17873088157 0
11.6282351185 -1.23387315317 0 1.17540026208 0
11.6208769385 -1.29210472158 0 1.17245773533 0
11.613493177 -1.35019543999 0 1.16993238472 0
11.6060930339 -1.40816639869 0 1.16778150015 0
11.5986904659 -1.46603719404 0 1.16596366201 0
11.59130384 -1.52382594863 0 1.16443899806 0
11.5839555852 -1.58154933143 0 1.16316946964 0
11.5766718458 -1.63922257801 0 1.16211916995 0
11.5694821337 -1.69685951069 0 1.16125461871 0
11.5624189811 -1.75447255871 0 1.16054503891 0
11.5555175929 -1.81207277841 0 1.15996260375 0
11.5488154995 -1.86966987341 0 1.15948264274 0
11.5423522094 -1.92727221478 0 1.1590837984 0
11.5361688617 -1.98488686121 0 1.15874812569 0
11.5303078789 -2.0425195792 0 1.15846112843 0
11.524812619 -2.10017486322 0 1.15821172766 0
11.5197270289 -2.15785595589 0 1.15799215853 0
11.5150952962 -2.21556486814 0 1.15779779316 0
11.5109615023 -2.27330239941 0 1.15762688833 0
11.5073692748 -2.33106815782 0 1.15748025771 0
11.5043614403 -2.38886058032 0 1.15736086989 0
11.5019796766 -2.44667695289 0 1.15727337453 0
11.5002641659 -2.5045134307 0 1.15722356045 0
11.4992532467 -2.56236505831 0 1.15721775112 0
11.4989830669 -2.6202257898 0 1.1572621443 0
11.4994872364 -2.67808850899 0 1.15736210471 0
11.5007964795 -2.73594504957 0 1.1575214199 0
11.5028871311 -2.79262960706 0 1.15773653845 0
11.5058680757 -2.85044581009 0 1.15801462055 0
11.5097251204 -2.90822547022 0 1.15834638389 0
11.5144740623 -2.96595644169 0 1.15872168515 0
11.5201260882 -3.02362563002 0 1.15912517153 0
11.5266875781 -3.08121903795 0 1.15953743843 0
11.5341602752 -3.13872187417 0 1.15993682003 0
11.5425416008 -3.1961186868 0 1.1603000202 0
11.5518249755 -3.25339349785 0 1.16060265634 0
11.5620001393 -3.31052993769 0 1.16081983475 0
11.5849683174 -3.42432107362 0 1.16089923597 0
11.5977252961 -3.48094228223 0 1.16071443401 0
11.6113026344 -3.53735841356 0 1.16035127421 0
11.6256764805 -3.59355315647 0 1.15979105731 0
11.6408212265 -3.64951061489 0 1.15901795491 0
11.673314128 -3.76065297591 0 1.15678694034 0
11.6906051715 -3.81580937169 0 1.15531580324 0
11.7085535323 -3.87067173825 0 1.15360608921 0
11.7463040533 -3.97946838933 0 1.14949559696 0
11.7863329864 -4.08696396484 0 1.14455776782 0
11.8071323956 -4.14020557693 0 1.14183493669 0
11.8284205694 -4.19310335115 0 1.13898462882 0
11.8501737433 -4.24565483085 0 1.13604581327 0
11.8723702443 -4.29785958783 0 1.13306370603 0
11.9175544543 -4.40021109747 0 1.12723944164 0
11.9414410883 -4.45242249133 0 1.12440567008 0
11.9647673852 -4.50226729203 0 1.12188003524 0
11.9889435598 -4.55281855858 0 1.11957826935 0
12.0139896009 -4.60407231096 0 1.11759613642 0
12.0384220159 -4.65303916069 0 1.11610801408 0
12.0637297876 -4.70274440436 0 1.11507154315 0
12.1155195371 -4.80144861172 0 1.11466712868 0
12.1420243843 -4.85049329924 0 1.11538349972 0
12.168954841 -4.89936505525 0 1.11675472881 0
12.1963274375 -4.9480885239 0 1.118802192 0
12.2241601703 -4.9966884469 0 1.12153875557 0
12.2524721838 -5.04518932162 0 1.12496868 0
12.2812834529 -5.0936150592 0 1.12908753204 0
12.3404859011 -5.19033178532 0 1.13933034567 0
12.3709183203 -5.23866458829 0 1.14540129385 0
12.4019318396 -5.28700519927 0 1.15205502547 0
12.4335458168 -5.33536947031 0 1.15924260909 0
12.4657785331 -5.38377061604 0 1.16690607058 0
12.4986468743 -5.43221887179 0 1.17497836816 0
12.5321660139 -5.48072115172 0 1.18338337782 0
12.5663490944 -5.52928070694 0 1.19203588931 0
12.60120691 -5.57789678366 0 1.20084161303 0
12.6367475883 -5.62656428129 0 1.20969719801 0
12.6729762726 -5.67527341061 0 1.21849026142 0
12.7098948041 -5.72400935185 0 1.2270994302 0
12.7467425616 -5.77177716318 0 1.23523332441 0
12.7850180376 -5.82050139669 0 1.24309887218 0
12.823966663 -5.8691767471 0 1.25041162227 0
12.9038263779 -5.9662391638 0 1.26298411771 0
12.9446995009 -6.01454788465 0 1.26807802849 0
12.986169928 -6.06265263098 0 1.27228674153 0
13.0282093989 -6.11051030076 0 1.27555712872 0
13.0707860217 -6.15807765979 0 1.27784724792 0
13.1138643161 -6.20531214132 0 1.27912591315 0
13.1574052578 -6.25217264587 0 1.27937225755 0
13.2013663224 -6.29862034086 0 1.27857529885 0
13.2457015287 -6.34461946038 0 1.27673352054 0
13.2903614906 -6.39013809718 0 1.2738544556 0
13.3352936601 -6.43514879304 0 1.26995416424 0
13.3804430589 -6.47962861783 0 1.2650573671 0
13.4257532022 -6.52355904679 0 1.25919821043 0
13.4711670292 -6.56692583032 0 1.25242103803 0
13.5166278348 -6.60971886358 0 1.24478110511 0
13.5620802002 -6.65193205617 0 1.23634522255 0
13.607470924 -6.69356320183 0 1.22719232371 0
13.6527499534 -6.73461384808 0 1.2174139484 0
13.6978713149 -6.77508916588 0 1.20711464115 0
13.7427940456 -6.81499781935 0 1.19641226341 0
13.7865918168 -6.85357009615 0 1.18565862566 0
13.8319100491 -6.8931664427 0 1.17432329531 0
13.8751728941 -6.93069896999 0 1.16341852197 0
13.9190217725 -6.96850194267 0 1.15239446717 0
13.9625605376 -7.00582765048 0 1.14158434314 0
14.0057841689 -7.04270175851 0 1.13109021412 0
14.0486925618 -7.07915194285 0 1.12100569133 0
14.0912901347 -7.11520764529 0 1.11141583008 0
14.1335854364 -7.15089982805 0 1.10239703915 0
14.1755907526 -7.1862607285 0 1.09401700061 0
14.2173217135 -7.2213236139 0 1.08633459832 0
14.2587969009 -7.25612253606 0 1.07939985423 0
14.3000374549 -7.29069208616 0 1.07325387141 0
14.3410666814 -7.32506714938 0 1.06792878338 0
14.3819096592 -7.35928265968 0 1.06344770914 0
14.4225928465 -7.3933733545 0 1.0598247138 0
14.463143689 -7.42737352947 0 1.05706477441 0
14.503590226 -7.46131679318 0 1.05516375091 0
14.5439606984 -7.49523582184 0 1.05410836211 0
14.5842831549 -7.52916211403 0 1.0538761663 0
14.6245850599 -7.56312574545 0 1.05443554644 0
14.6648929001 -7.5971551236 0 1.05574569954 0
14.7052317919 -7.63127674252 0 1.05775662994 0
14.7456250921 -7.66551494014 0 1.06040960886 0
14.8266580634 -7.73442677259 0 1.06739367178 0
14.8673341567 -7.76913750149 0 1.07160481185 0
14.9081376327 -7.80403913722 0 1.07621857191 0
14.9901783327 -7.87446551181 0 1.08643502879 0
15.031436869 -7.9100103947 0 1.09193303118 0
15.0728655464 -7.9457866151 0 1.09762426829 0
15.1144708341 -7.98179951868 0 1.10346116909 0
15.1562576472 -8.01805268891 0 1.10939807786 0
15.198229413 -8.0545480184 0 1.11539125734 0
15.2395431255 -8.09054865491 0 1.12127885879 0
15.3244153061 -8.1647353651 0 1.13318237441 0
15.3671300725 -8.20218230116 0 1.1390040773 0
15.4100270287 -8.23985811514 0 1.14469291955 0
15.496350202 -8.31586826236 0 1.15554517728 0
15.53976528 -8.35418562695 0 1.16065002535 0
15.5833404035 -8.39269807482 0 1.1655048834 0
15.627067819 -8.43139453119 0 1.17008533482 0
15.6709390199 -8.47026301346 0 1.17436891419 0
15.7149448132 -8.50929070256 0 1.17833510961 0
15.7590753867 -8.5484640142 0 1.18196536472 0
15.8033203753 -8.58776867023 0 1.18524308071 0
15.8476689286 -8.62718976998 0 1.18815361811 0
15.8921097769 -8.66671186151 0 1.19068429859 0
15.9366312991 -8.70631901296 0 1.19282440654 0
15.9812215888 -8.74599488389 0 1.19456519063 0
16.0258685212 -8.78572279654 0 1.19589986527 0
16.0705598206 -8.82548580721 0 1.19682361196 0
16.1152831265 -8.86526677751 0 1.19733358062 0
16.1600260612 -8.90504844572 0 1.19742889079 0
16.204776296 -8.94481349811 0 1.19711063279 0
16.2495216186 -8.98454464022 0 1.19638186879 0
16.2942499996 -9.02422466819 0 1.19524763385 0
16.3380560228 -9.06304507977 0 1.19374944082 0
16.3827164132 -9.1025738491 0 1.19183495385 0
16.428217351 -9.14278888553 0 1.18949206542 0
16.4718734214 -9.18131182449 0 1.18688259972 0
16.5163492795 -9.22048920332 0 1.18387249924 0
16.5607437941 -9.25951843902 0 1.18052825519 0
16.6050480762 -9.2983849463 0 1.17686869247 0
16.6492539537 -9.3370747996 0 1.17291461259 0
16.6933540379 -9.37557480437 0 1.16868879326 0
16.7373417906 -9.41387256841 0 1.16421598761 0
16.7812115911 -9.45195657314 0 1.15952292313 0
16.8249588028 -9.48981624498 0 1.15463830015 0
16.8685798395 -9.52744202519 0 1.14959262914 0
16.9120722076 -9.56482540286 0 1.14441646191 0
16.9554344899 -9.60195885414 0 1.13913862838 0
16.9986663056 -9.63883574446 0 1.13378608448 0
17.0417682694 -9.67545022947 0 1.12838392217 0
17.0847419506 -9.71179715582 0 1.12295538092 0
17.1275898323 -9.7478719621 0 1.11752186068 0
17.1703152708 -9.78367057964 0 1.11210293659 0
17.2129224546 -9.81918933339 0 1.1067163754 0
17.2554163634 -9.8544248428 0 1.10137815398 0
17.2978027276 -9.88937392264 0 1.09610248003 0
17.3400879874 -9.9240334839 0 1.09090181527 0
17.3822792518 -9.95840043463 0 1.08578690141 0
17.42354295 -9.99179307831 0 1.08086621199 0
17.4655714955 -10.0255710437 0 1.07594618844 0
17.5083693383 -10.0597125782 0 1.07103891894 0
17.5494302156 -10.0922144348 0 1.06643395869 0
17.5912795893 -10.1250711916 0 1.06184865904 0
17.6339250313 -10.1582588157 0 1.05729112928 0
17.6748696078 -10.1898288355 0 1.05302575169 0
17.7166318777 -10.2217171816 0 1.04878632901 0
17.7583872691 -10.2532687606 0 1.0446581851 0
17.8001473297 -10.2844750192 0 1.04063723177 0
17.8419238281 -10.3153263129 0 1.03671826248 0
17.8837287123 -10.3458118065 0 1.03289505408 0
17.9255740698 -10.375919375 0 1.02916048099 0
17.9674720857 -10.4056355044 0 1.02550664303 0
18.009435003 -10.4349451929 0 1.02192500881 0
18.0514750807 -10.4638318513 0 1.01840657638 0
18.0936045537 -10.4922772041 0 1.01494205342 0
18.1358355919 -10.5202611904 0 1.01152205911 0
18.1781802591 -10.5477618647 0 1.00813735056 0
18.220650472 -10.5747552978 0 1.00477907658 0
18.2632579602 -10.6012154774 0 1.00143906218 0
18.3060142245 -10.6271142095 0 9.981101E-01 0
18.3489304966 -10.6524210188 0 9.947864E-01 0
18.3920176979 -10.6771030495 0 9.914639E-01 0
18.4352863991 -10.7011249667 0 9.881407E-01 0
18.478746779 -10.7244488566 0 9.848176E-01 0
18.5224085838 -10.747034128 0 9.814987E-01 0
18.5662810864 -10.7688374126 0 9.781920E-01 0
18.6103730453 -10.7898124663 0 9.749099E-01 0
18.6546926642 -10.8099100696 0 9.716703E-01 0
18.6992475508 -10.8290779289 0 9.684972E-01 0
18.7431463175 -10.8469069538 0 9.654820E-01 0
18.7881869469 -10.8640671279 0 9.625399E-01 0
18.833481577 -10.8801225253 0 9.597818E-01 0
18.92485088 -10.9086555754 0 9.550659E-01 0
18.9709316694 -10.9209964149 0 9.532586E-01 0
19.0172781207 -10.9319608717 0 9.519312E-01 0
19.1107612804 -10.9494864057 0 9.510725E-01 0
19.1578888535 -10.9559153965 0 9.517128E-01 0
19.205263244 -10.9607058616 0 9.531665E-01 0
19.2528728219 -10.9638013545 0 9.554915E-01 0
19.3007026156 -10.9651510939 0 9.587248E-01 0
19.3487340249 -10.9647109792 0 9.628785E-01 0
19.3969445338 -10.9624446049 0 9.679346E-01 0
19.4937914865 -10.9523320223 0 9.805111E-01 0
19.5423607473 -10.9444605968 0 9.878168E-01 0
19.590974457 -10.9347140175 0 9.956090E-01 0
19.6395877657 -10.9231069557 0 1.00373294571 0
19.6881526657 -10.90966367 0 1.01203609943 0
19.7366189435 -10.8944169217 0 1.02037374569 0
19.7849351333 -10.8774068907 0 1.02861377254 0
19.8809108396 -10.8382882909 0 1.04435995619 0
19.9284697368 -10.8162874195 0 1.05169900313 0
19.9756792132 -10.7927364924 0 1.05861114555 0
20.0688806215 -10.7412294377 0 1.071102457 0
20.1148000258 -10.7133969952 0 1.0767261841 0
20.1593232814 -10.6848548602 0 1.08190897515 0
20.2486462936 -10.6229449122 0 1.09177219973 0
20.2925119844 -10.5902569893 0 1.09647863566 0
20.3358438716 -10.5564836668 0 1.10111345242 0
20.4209301314 -10.4858781192 0 1.11036281581 0
20.4627089806 -10.4491396128 0 1.11505824049 0
20.5040021199 -10.4115032799 0 1.11984437429 0
20.5448323825 -10.3730113563 0 1.1247466192 0
20.5852260663 -10.3337043507 0 1.12978502794 0
20.6252125043 -10.293621113 0 1.13497469484 0
20.6648236349 -10.2527989018 0 1.14032613609 0
20.7040935722 -10.2112734532 0 1.14584564481 0
20.7430581766 -10.169079048 0 1.15153560828 0
20.7817546251 -10.1262485805 0 1.15739477715 0
20.8202209816 -10.0828136259 0 1.16341847848 0
20.8584957674 -10.0388045084 0 1.16959876708 0
20.8966175312 -9.99425036978 0 1.17592451187 0
20.9346244202 -9.94917923665 0 1.18238141638 0
20.9725537498 -9.90361808898 0 1.1889519747 0
21.0104415744 -9.85759292796 0 1.19561536631 0
21.0483222574 -9.81112884402 0 1.20234729496 0
21.0862280421 -9.76425008485 0 1.20911977868 0
21.1234286987 -9.71792920766 0 1.21576570741 0
21.1614690461 -9.67029794614 0 1.22252477319 0
21.1996145494 -9.62231985668 0 1.22923181444 0
21.2378864517 -9.57401632516 0 1.23585990864 0
21.2763033163 -9.52540806419 0 1.24238441973 0
21.3148811271 -9.47651512432 0 1.24878273482 0
21.3536333894 -9.42735690518 0 1.25503403911 0
21.3925712303 -9.37795216677 0 1.26111912559 0
21.4317034997 -9.32831904063 0 1.26702023618 0
21.4710368702 -9.27847504104 0 1.27272093075 0
21.5105759384 -9.22843707624 0 1.27820598108 0
21.5503233251 -9.17822145966 0 1.28346128672 0
21.5902797761 -9.1278439211 0 1.28847380991 0
21.6304442624 -9.07731961793 0 1.29323152713 0
21.6708140814 -9.02666314635 0 1.29772339491 0
21.711384957 -8.97588855255 0 1.3019393277 0
21.7521511405 -8.92500934392 0 1.30587018594 0
21.7931055109 -8.87403850029 0 1.30950777263 0
21.8342396758 -8.82298848512 0 1.31284483667 0
21.8755440718 -8.7718712567 0 1.31587508177 0
21.9170080652 -8.7206982794 0 1.31859317955 0
21.9586200526 -8.66948053481 0 1.32099478579 0
22.0003675612 -8.618228533 0 1.32307655878 0
22.0422373499 -8.56695232373 0 1.32483617906 0
22.0842155096 -8.51566150763 0 1.32627236955 0
22.1262875638 -8.46436524742 0 1.32738491575 0
22.168438569 -8.41307227915 0 1.32817468507 0
22.210653216 -8.36179092333 0 1.32864364512 0
22.2520703059 -8.31155409211 0 1.32879494393 0
22.2943648544 -8.26031870467 0 1.32863889169 0
22.3366762411 -8.20911737131 0 1.32817457201 0
22.3789886961 -8.15795687001 0 1.32740847568 0
22.4212865843 -8.10684361908 0 1.32634825476 0
22.4635545059 -8.05578368836 0 1.32500272724 0
22.505777397 -8.00478281045 0 1.32338187892 0
22.5479406306 -7.95384639189 0 1.32149686239 0
22.5900301166 -7.90297952441 0 1.31935999328 0
22.6320324026 -7.85218699609 0 1.31698474374 0
22.6739347749 -7.80147330261 0 1.31438573341 0
22.7157253583 -7.75084265844 0 1.31157871807 0
22.7989284573 -7.64984603709 0 1.30540929423 0
22.840322323 -7.59948718369 0 1.3020839498 0
22.8815673016 -7.54922564956 0 1.29862469544 0
22.9226572218 -7.49906441125 0 1.29505274146 0
22.9635873548 -7.44900623139 0 1.29139033997 0
23.004354515 -7.39905366981 0 1.28766077048 0
23.0449571587 -7.34920909464 0 1.28388822648 0
23.0853954346 -7.29947468818 0 1.2800966913 0
23.1256711122 -7.24985243979 0 1.27630882759 0
23.1657874619 -7.2003441337 0 1.27254589191 0
23.2057491333 -7.15095133665 0 1.2688277535 0
23.2455620338 -7.10167538545 0 1.26517291425 0
23.2852332065 -7.0525173746 0 1.26159852892 0
23.3247707086 -7.0034781439 0 1.25812042467 0
23.36418349 -6.95455826604 0 1.254753119 0
23.4026963765 -6.90673286583 0 1.25157340649 0
23.441891515 -6.85804989034 0 1.24846325995 0
23.480992698 -6.80948626833 0 1.24549954858 0
23.5200112218 -6.76104138656 0 1.24269170306 0
23.5589586688 -6.712714303 0 1.24004788975 0
23.5978467865 -6.66450373434 0 1.23757500803 0
23.6366873655 -6.61640804367 0 1.23527868333 0
23.6754921177 -6.56842522805 0 1.23316325586 0
23.7142725549 -6.52055290613 0 1.2312317655 0
23.753039867 -6.47278830573 0 1.22948593308 0
23.7918048 -6.42512825145 0 1.2279261386 0
23.8305775351 -6.3775691523 0 1.22655139725 0
23.8693675661 -6.33010698929 0 1.22535933378 0
23.9081835783 -6.28273730299 0 1.22434615648 0
23.9470333282 -6.23545518177 0 1.22350668487 0
23.9859235622 -6.18825526408 0 1.222834915 0
24.0248600349 -6.14113177695 0 1.22232460154 0
24.063847566 -6.09407858864 0 1.22196931859 0
24.1028900992 -6.04708926186 0 1.22176247096 0
24.1419907607 -6.00015710697 0 1.22169730782 0
24.1811519177 -5.95327523523 0 1.22176693815 0
24.2203752371 -5.90643661194 0 1.22196434694 0
24.2596617445 -5.85963410976 0 1.22228241178 0
24.2990118822 -5.81286056181 0 1.22271391903 0
24.3384255683 -5.76610881496 0 1.22325157922 0
24.3779022551 -5.71937178303 0 1.22388804113 0
24.417440988 -5.67264249997 0 1.22461590436 0
24.4570404639 -5.62591417312 0 1.22542772992 0
24.4966990896 -5.57918023639 0 1.22631604886 0
24.535620173 -5.53336947584 0 1.22725359463 0
24.5753903674 -5.48660620638 0 1.22827124752 0
24.6160108207 -5.43888362221 0 1.22936494675 0
24.655088375 -5.39300460258 0 1.2304613405 0
24.6950118597 -5.34615648593 0 1.23161867076 0
24.7349821748 -5.29927117709 0 1.23280741607 0
24.7749973374 -5.25234517351 0 1.23401996417 0
24.8150555422 -5.20537562318 0 1.23524868728 0
24.8551552047 -5.15836035942 0 1.23648611012 0
24.8952949687 -5.11129789063 0 1.23772507844 0
24.9354736981 -5.0641873723 0 1.23895877076 0
24.975690469 -5.01702857837 0 1.2401806958 0
25.0159445615 -4.96982187249 0 1.24138469104 0
25.0562354512 -4.92256817944 0 1.24256492221 0
25.0965628015 -4.87526895636 0 1.24371588377 0
25.136926455 -4.82792616418 0 1.24483240003 0
25.1773264255 -4.78054223886 0 1.2459096268 0
25.2177628896 -4.73312006278 0 1.24694305358 0
25.2582361789 -4.68566293603 0 1.24792850604 0
25.2987467713 -4.63817454778 0 1.24886214865 0
25.3392952832 -4.59065894755 0 1.24974048753 0
25.3798824612 -4.54312051661 0 1.25056037322 0
25.4205091738 -4.49556393925 0 1.25131900344 0
25.4611764033 -4.44799417413 0 1.25201392567 0
25.5018852374 -4.40041642564 0 1.25264303952 0
25.5426368616 -4.35283611515 0 1.25320459879 0
25.5834325501 -4.30525885244 0 1.2536972132 0
25.6234563819 -4.25864165146 0 1.25411208772 0
25.6643433868 -4.21108757075 0 1.25446548877 0
25.7052787021 -4.16355408965 0 1.25474792336 0
25.7462638758 -4.11604728344 0 1.25495942625 0
25.7881217732 -4.06762416946 0 1.25510249417 0
25.8283902251 -4.02113819609 0 1.25517156297 0
25.8695347061 -3.97374817872 0 1.25517404894 0
25.9107356398 -3.92640930646 0 1.25510930315 0
25.9519947345 -3.87912759577 0 1.25497912996 0
25.9933137056 -3.83190896534 0 1.25478567897 0
26.0346942676 -3.7847592074 0 1.25453144066 0
26.0761381262 -3.73768395908 0 1.25421924151 0
26.1176469698 -3.69068867369 0 1.25385223844 0
26.1592224615 -3.6437785921 0 1.25343391269 0
26.2008662307 -3.59695871403 0 1.25296806323 0
26.2425798651 -3.55023376942 0 1.25245879957 0
26.2843649023 -3.50360818971 0 1.25191053422 0
26.3262228219 -3.45708607921 0 1.25132797465 0
26.368155037 -3.41067118639 0 1.25071611501 0
26.4522476251 -3.31817609668 0 1.24942585338 0
26.4944104189 -3.27210135963 0 1.24875879458 0
26.536652333 -3.22614470263 0 1.24808510429 0
26.6213772402 -3.13459125826 0 1.24674324699 0
26.6638617952 -3.08899593737 0 1.24608836607 0
26.7055764332 -3.04442987783 0 1.24546586774 0
26.7909550028 -2.95383564404 0 1.24428330039 0
26.8346260119 -2.90781352885 0 1.2437409367 0
26.8766658677 -2.86370798748 0 1.24326821286 0
26.9627082588 -2.77402245766 0 1.24247756725 0
27.0058528468 -2.7293350436 0 1.24218218017 0
27.0490788968 -2.68474444119 0 1.24196086394 0
27.1357721079 -2.5958301555 0 1.24176000248 0
27.1792372801 -2.55149347096 0 1.24178911855 0
27.2236515784 -2.50634301377 0 1.2419130186 0
27.3100922998 -2.41887785912 0 1.24243763873 0
27.3538589555 -2.37477754826 0 1.24285042654 0
27.397697036 -2.33071552551 0 1.24336532534 0
27.4855800949 -2.24267029646 0 1.24470797768 0
27.5296211076 -2.19866845396 0 1.24553810078 0
27.5737256216 -2.15466769031 0 1.24647509162 0
27.662116083 -2.06663011498 0 1.24867067413 0
27.7063972556 -2.02257336431 0 1.24992894837 0
27.7507323871 -1.97847787766 0 1.25129346522 0
27.7951188671 -1.93433353087 0 1.25276326964 0
27.8395540025 -1.8901301947 0 1.25433709286 0
27.8840350214 -1.84585776641 0 1.25601335315 0
27.927668193 -1.8023940727 0 1.25775364793 0
27.972231594 -1.75795529433 0 1.25962683962 0
28.0168321882 -1.71341778536 0 1.2615958899 0
28.0614669271 -1.66877186119 0 1.26365795663 0
28.1061327022 -1.62400802085 0 1.26580987154 0
28.1955446477 -1.53408969527 0 1.270368906 0
28.2402843334 -1.48891741026 0 1.27276800061 0
28.2850420933 -1.44359167265 0 1.27524087714 0
28.3745983827 -1.35244777471 0 1.28038797832 0
28.4193900951 -1.30661454592 0 1.28305125681 0
28.4641862546 -1.26059779069 0 1.28576640322 0
28.5089833785 -1.21439108076 0 1.2885269476 0
28.5537779611 -1.16798848708 0 1.29132600041 0
28.5985664778 -1.12138461131 0 1.29415624066 0
28.6433453882 -1.07457461744 0 1.29700990388 0
28.6881111402 -1.02755426331 0 1.2998787703 0
28.732860174 -9.803199E-01 0 1.30275415299 0
28.7775889251 -9.328687E-01 0 1.30562688643 0
28.8222938288 -8.851982E-01 0 1.30848731528 0
28.8669713235 -8.373070E-01 0 1.31132528378 0
28.9116178543 -7.891942E-01 0 1.31413012557 0
28.9562298772 -7.408598E-01 0 1.31689065426 0
29.0008038626 -6.923046E-01 0 1.31959515473 0
29.0453362987 -6.435304E-01 0 1.32223137529 0
29.0898236958 -5.945395E-01 0 1.32478652078 0
29.1342625898 -5.453354E-01 0 1.32724724676 0
29.1786495455 -4.959225E-01 0 1.3295997012 0
29.2229811604 -4.463062E-01 0 1.33183003387 0
29.2672540645 -3.964926E-01 0 1.33392491473 0
29.3114649212 -3.464890E-01 0 1.3358715931 0
29.3547281786 -2.973086E-01 0 1.33762383187 0
29.3996873118 -2.459440E-01 0 1.33927231647 0
29.4428129627 -1.964329E-01 0 1.34067710585 0
29.4867444597 -1.457591E-01 0 1.34191948318 0
29.5305977873 -9.494219E-02 0 1.34295925125 0
29.5743698078 -4.399359E-02 0 1.34378740342 0
29.618057417 7.074709E-03 0 1.3443956044 0
29.6616575441 5.825024E-02 0 1.34477620207 0
29.7051671517 1.095201E-01 0 1.34492223875 0
29.7485832361 1.608708E-01 0 1.34482746173 0
29.7919028271 2.122888E-01 0 1.34448633319 0
29.8351229882 2.637599E-01 0 1.34389403926 0
29.8782408167 3.152699E-01 0 1.34304649841 0
29.9212534435 3.668041E-01 0 1.34194036896 0
29.9641580332 4.183480E-01 0 1.34057305583 0
30.0069517845 4.698865E-01 0 1.33894271643 0
30.0496319298 5.214048E-01 0 1.33704826573 0
30.0921957354 5.728878E-01 0 1.33488938047 0
30.1346405016 6.243205E-01 0 1.3324665026 0
30.1769635628 6.756881E-01 0 1.32978084177 0
30.2191622873 7.269757E-01 0 1.32683437713 0
30.2612340776 7.781685E-01 0 1.32362985817 0
30.3031763703 8.292521E-01 0 1.32017080488 0
30.3449866363 8.802122E-01 0 1.31646150703 0
30.3866623805 9.310348E-01 0 1.31250702269 0
30.4282011423 9.817063E-01 0 1.30831317604 0
30.5108580476 1.08254307979 0 1.29923450447 0
30.5519714416 1.132683167 0 1.29436512831 0
30.5929383542 1.18262172028 0 1.28928727808 0
30.6744236151 1.28184961596 0 1.2785452819 0
30.7149374901 1.3311182253 0 1.27290253957 0
30.7544903049 1.37916585096 0 1.26721182954 0
30.834738734 1.47646535472 0 1.25515430408 0
30.8746213893 1.52471944183 0 1.24892912964 0
30.914340265 1.57270135586 0 1.24259226187 0
30.9932786653 1.66782908512 0 1.22964533164 0
31.0324942715 1.71496761113 0 1.22306791603 0
31.0715382611 1.76181947876 0 1.21644409054 0
31.1491039384 1.85466066882 0 1.20312990394 0
31.1876219881 1.90065167247 0 1.19647756047 0
31.2259611448 1.94635947336 0 1.1898548444 0
31.3020958905 2.03694288678 0 1.17678173016 0
31.3398881227 2.0818306402 0 1.17037465241 0
31.3774947338 2.12645953576 0 1.16408248522 0
31.4521443348 2.21498024329 0 1.15191827014 0
31.4884447595 2.25801876817 0 1.14619396669 0
31.5260299167 2.30259632849 0 1.14041987472 0
31.5626807057 2.34609864239 0 1.13495264492 0
31.5984062067 2.38855234744 0 1.12979008584 0
31.6346615288 2.43170599347 0 1.12472910285 0
31.6707120065 2.47470818399 0 1.11988305984 0
31.7065535358 2.51757642445 0 1.11525616104 0
31.7421814283 2.56032884848 0 1.11085089889 0
31.7775903497 2.60298413584 0 1.10666810446 0
31.8127742575 2.64556143031 0 1.10270700007 0
31.8477263391 2.68808025765 0 1.09896525421 0
31.8824389494 2.73056044348 0 1.09543903843 0
31.9169035492 2.77302203124 0 1.09212308648 0
31.9511106428 2.81548520013 0 1.08901075545 0
31.9850497158 2.85797018296 0 1.08609408925 0
32.0187091737 2.90049718416 0 1.08336388447 0
32.0520762791 2.94308629764 0 1.080809759 0
32.0851370899 2.98575742477 0 1.07842022387 0
32.1178763976 3.02853019225 0 1.07618275861 0
32.1502776647 3.07142387007 0 1.07408389113 0
32.1823229627 3.11445728942 0 1.0721092826 0
32.2139929105 3.15764876061 0 1.07024381852 0
32.2452666119 3.20101599102 0 1.06847170703 0
32.2761215937 3.24457600299 0 1.06677658577 0
32.3065337434 3.28834505178 0 1.06514163887 0
32.3364772476 3.33233854344 0 1.06354972578 0
32.3659245296 3.37657095281 0 1.06198352395 0
32.3948461874 3.42105574137 0 1.06042568754 0
32.4504360397 3.50992746308 0 1.05729890163 0
32.4775980957 3.55523298775 0 1.05566563965 0
32.5040981924 3.60083280475 0 1.05397531504 0
32.529896914 3.64673410705 0 1.05221358041 0
32.5549526477 3.69294258353 0 1.05036751406 0
32.5792215228 3.73946233683 0 1.04842598082 0
32.6026573476 3.7862958013 0 1.0463800396 0
32.625211548 3.83344366093 0 1.04422340316 0
32.6468331051 3.88090476726 0 1.04195295632 0
32.6674684936 3.92867605732 0 1.03956933923 0
32.6870616189 3.97675247154 0 1.03707760227 0
32.705553756 4.02512687168 0 1.03448793942 0
32.7228834866 4.07378995875 0 1.03181650654 0
32.7389866376 4.12273019095 0 1.02908633029 0
32.7537962266 4.17193370322 0 1.02632868251 0
32.7672426061 4.22138427004 0 1.02358795 0
32.7792541138 4.27106337772 0 1.02092523115 0
32.7897579211 4.32095033991 0 1.01841724746 0
32.7986808893 4.37102241473 0 1.01615440681 0
32.8059504264 4.42125492197 0 1.01423837057 0
32.8114953432 4.47162136019 0 1.01277908663 0
32.8152467099 4.52209352392 0 1.01189127393 0
32.8171387126 4.5726416208 0 1.01169037604 0
32.8171095091 4.6232343887 0 1.01228804087 0
32.8151020863 4.67383921294 0 1.01378722883 0
32.8110651156 4.72442224337 0 1.01627709713 0
32.80495381 4.7749485116 0 1.01982784906 0
32.7967307803 4.82538204807 0 1.02448576566 0
32.7865952949 4.87468143238 0 1.03014200346 0
32.7738421187 4.92582274494 0 1.03716188742 0
32.759461608 4.9747576535 0 1.04494638856 0
32.7426390407 5.02444991423 0 1.05385386814 0
32.7236583748 5.07385946673 0 1.06360986128 0
32.7025443333 5.12294679976 0 1.07404926386 0
32.6793350144 5.17167221869 0 1.08496852724 0
32.6540827484 5.21999596267 0 1.09612711508 0
32.6268549538 5.26787832175 0 1.10724958183 0
32.5977349673 5.31527975741 0 1.11802981882 0
32.5342304202 5.40848402411 0 1.13732588009 0
32.500085633 5.45421146592 0 1.14527972339 0
32.4645235465 5.49930823665 0 1.1517846608 0
32.3897252487 5.58748125645 0 1.15973570255 0
32.3507883342 5.63050094517 0 1.16094174536 0
32.3110280339 5.67277787629 0 1.16022358494 0
32.2296311286 5.75503536732 0 1.15308853356 0
32.1882784587 5.79499474284 0 1.14683909991 0
32.1466655929 5.8341700262 0 1.13900073508 0
32.0631194355 5.91019372218 0 1.11946749037 0
32.0213798319 5.94707287346 0 1.10835694551 0
31.9797627646 5.98323042968 0 1.09682136417 0
31.8970815782 6.05352933895 0 1.07392071244 0
31.8560656993 6.0877621037 0 1.06318216817 0
31.8160865936 6.12078478594 0 1.0534543636 0
31.7746918769 6.15466144597 0 1.04437703166 0
31.7343010424 6.18744526029 0 1.03667894135 0
31.6948735235 6.2192209862 0 1.03040306197 0
31.6547641696 6.25134575804 0 1.02536465745 0
31.6147382969 6.28322770265 0 1.0217326825 0
31.5747527111 6.31492450558 0 1.01948873108 0
31.5347638778 6.34649027957 0 1.01856824716 0
31.4947299385 6.37797436048 0 1.018862451 0
31.4546122606 6.40942040624 0 1.02024161172 0
31.4143758031 6.4408662642 0 1.02257836998 0
31.3731795484 6.47297421824 0 1.02582091104 0
31.3334237242 6.50388078636 0 1.0296373043 0
31.2926550036 6.53549767108 0 1.03412666578 0
31.2516610682 6.56721117276 0 1.03910793088 0
31.2104231489 6.59903275575 0 1.04447544798 0
31.1689253756 6.63096915336 0 1.05012786423 0
31.0851005708 6.69519076187 0 1.06190359806 0
31.0001131715 6.75984215547 0 1.0737112425 0
30.9571712495 6.79230077107 0 1.07942016901 0
30.9139284982 6.82482543433 0 1.08489785277 0
30.8703860237 6.85739485365 0 1.0900740492 0
30.8274265449 6.88933264533 0 1.09479100112 0
30.7833014057 6.92191521913 0 1.09918136973 0
30.7388909478 6.95446038388 0 1.10308890862 0
30.6933068262 6.98758341513 0 1.10652410159 0
30.6492482362 7.01930292594 0 1.10925562529 0
30.6040366438 7.05152632422 0 1.11142740434 0
30.5585808187 7.08356471915 0 1.11294173749 0
30.5128941398 7.11537574073 0 1.11376787953 0
30.4669909922 7.14691519415 0 1.11388044894 0
30.4208866486 7.17813724161 0 1.11325953833 0
30.3745971508 7.20899458421 0 1.11189083156 0
30.2815299959 7.26941974487 0 1.10688147209 0
30.2347872025 7.29888729635 0 1.10324129366 0
30.1879287453 7.32778997355 0 1.09885454942 0
30.1409727356 7.35607589996 0 1.09373687378 0
30.0939373428 7.38369282917 0 1.08791033209 0
30.0468406764 7.41058832668 0 1.08140357601 0
29.9997006676 7.43670995181 0 1.0742519975 0
29.9525349505 7.46200543953 0 1.06649787724 0
29.905360744 7.48642288234 0 1.05819052176 0
29.858194733 7.50991091212 0 1.04938638176 0
29.8110529505 7.53241888202 0 1.04014914224 0
29.7639506584 7.55389704827 0 1.0305497724 0
29.7169022297 7.57429675213 0 1.0206665208 0
29.6699210297 7.59357060167 0 1.01058483825 0
29.6230192975 7.61167265366 0 1.00039720785 0
29.53043004 7.64388598008 0 9.803076E-01 0
29.4838248748 7.65824056066 0 9.704168E-01 0
29.43733439 7.67125843925 0 9.608500E-01 0
29.3447150976 7.69314254398 0 9.431709E-01 0
29.2985904035 7.70194451937 0 9.353053E-01 0
29.2525883825 7.70928165307 0 9.282533E-01 0
29.2067059318 7.71512910437 0 9.221318E-01 0
29.1609379655 7.71946506174 0 9.170470E-01 0
29.1152776163 7.72227069408 0 9.130921E-01 0
29.0697164395 7.7235301 0 9.103462E-01 0
29.0242446172 7.72323025708 0 9.088726E-01 0
28.9788511626 7.72136097119 0 9.087184E-01 0
28.9335241236 7.71791482577 0 9.099136E-01 0
28.8882507877 7.7128871311 0 9.124706E-01 0
28.8430178855 7.7062758736 0 9.163844E-01 0
28.7978117953 7.69808166514 0 9.216335E-01 0
28.7526187469 7.68830769229 0 9.281801E-01 0
28.7074250259 7.67695966562 0 9.359721E-01 0
28.6622171781 7.664045769 0 9.449436E-01 0
28.6169822131 7.64957660887 0 9.550173E-01 0
28.5717078087 7.63356516356 0 9.661059E-01 0
28.4809959595 7.59697888568 0 9.909377E-01 0
28.4364489286 7.57686662196 0 1.00419406205 0
28.3909156788 7.5548906058 0 1.01831399593 0
28.299593771 7.50663239962 0 1.04789566007 0
28.253799075 7.48040443489 0 1.06312542516 0
28.207914885 7.45281669172 0 1.07849259485 0
28.1158920339 7.39369175678 0 1.10917607002 0
28.0697673424 7.36222412141 0 1.12426356596 0
28.0235813949 7.32953570053 0 1.13903554867 0
27.9310854669 7.26065426809 0 1.16724728523 0
27.8848115505 7.22454377195 0 1.18051745566 0
27.8385479774 7.1873772617 0 1.19313232258 0
27.7923177855 7.14919904379 0 1.20502894899 0
27.746145539 7.11005441068 0 1.21615258381 0
27.7000570635 7.06998951109 0 1.22645637039 0
27.6540791813 7.0290512203 0 1.23590107032 0
27.608239447 6.98728701041 0 1.24445480397 0
27.5625658824 6.94474482064 0 1.25209280768 0
27.5170867125 6.90147292758 0 1.25879720717 0
27.4718301003 6.85751981548 0 1.2645568063 0
27.4268238826 6.81293404653 0 1.26936689013 0
27.3820953051 6.76776413115 0 1.27322904092 0
27.3376707578 6.72205839822 0 1.27615096624 0
27.2935755103 6.67586486543 0 1.27814633799 0
27.2498334474 6.62923110948 0 1.27923464164 0
27.2064668043 6.5822041364 0 1.27944103524 0
27.1643513206 6.53578083364 0 1.27881723137 0
27.1209388826 6.48715493134 0 1.27733630831 0
27.0788114447 6.43922269053 0 1.27510273312 0
27.0371265789 6.39107695555 0 1.27214212787 0
26.9967144664 6.34372768669 0 1.26858495056 0
26.9559324251 6.29528248662 0 1.26433808553 0
26.9156135731 6.24674566724 0 1.25951875067 0
26.8757587511 6.19815547885 0 1.25417617246 0
26.836365939 6.14954885176 0 1.24835769657 0
26.7974303822 6.10096140598 0 1.24210889301 0
26.7589447175 6.05242746094 0 1.23547366585 0
26.7208991003 6.00398004524 0 1.22849436661 0
26.6832813299 5.95565090639 0 1.22121191055 0
26.6460769767 5.90747052049 0 1.21366589487 0
26.609269508 5.85946810199 0 1.2058947176 0
26.5728404146 5.81167161344 0 1.19793569601 0
26.5367693371 5.76410777517 0 1.18982518315 0
26.5010341921 5.71680207504 0 1.18159868086 0
26.4656112986 5.6697787782 0 1.17329094774 0
26.4304755044 5.62306093675 0 1.1649361002 0
26.3956003125 5.57667039953 0 1.15656770467 0
26.3609580072 5.53062782182 0 1.14821885894 0
26.3265197805 5.48495267508 0 1.13992226056 0
26.2922558585 5.43966325664 0 1.13171026008 0
26.258135628 5.39477669951 0 1.12361489696 0
26.2241277621 5.35030898201 0 1.11566791594 0
26.1902003474 5.30627493757 0 1.1079007618 0
26.1563210097 5.26268826444 0 1.10034455047 0
26.1224570407 5.21956153539 0 1.09303001482 0
26.088575524 5.17690620749 0 1.0859874235 0
26.0546434618 5.13473263178 0 1.07924647182 0
26.020627901 5.09305006304 0 1.07283614401 0
25.9871800467 5.05268539784 0 1.06690188631 0
25.952215453 5.01118954262 0 1.06111871458 0
25.918445226 4.97182294909 0 1.05596528281 0
25.8837760081 4.93216498404 0 1.05113772357 0
25.8488642284 4.89302812809 0 1.0467678363 0
25.8136798382 4.85441528331 0 1.04287596521 0
25.7781937152 4.81632832346 0 1.03948006723 0
25.74237779 4.77876810361 0 1.03659540455 0
25.7062051726 4.74173446995 0 1.03423423474 0
25.6696502784 4.70522626945 0 1.03240550488 0
25.6326889549 4.66924135966 0 1.0311145563 0
25.5952986076 4.63377661837 0 1.03036284652 0
25.5574583267 4.5988279534 0 1.03014769459 0
25.5191490134 4.56439031228 0 1.03046205592 0
25.480353506 4.530457692 0 1.0312943314 0
25.4410567064 4.49702314872 0 1.03262821509 0
25.4012457064 4.46407880754 0 1.03444258347 0
25.3609099155 4.43161590843 0 1.03670907118 0
25.3200412227 4.39962579447 0 1.03936672018 0
25.2786342462 4.36810329204 0 1.04229914145 0
25.2366866173 4.33705103322 0 1.04533666489 0
25.1941992654 4.30648381445 0 1.0482611114 0
25.1511767037 4.27643295523 0 1.05081104549 0
25.1076273139 4.24695065677 0 1.05268801849 0
25.0635636319 4.21811436066 0 1.05356457246 0
25.0190026327 4.19003110754 0 1.05309509625 0
24.9739660158 4.16284189577 0 1.05093105017 0
24.9284804903 4.1367260401 0 1.04674266398 0
24.8825780606 4.11190553033 0 1.04025005109 0
24.8372254045 4.08909697948 0 1.03148099004 0
24.789679132 4.06727027911 0 1.01990352713 0
24.6956548002 4.03150627077 0 9.920385E-01 0
24.6493285561 4.01802627495 0 9.775788E-01 0
24.601993694 4.0073861304 0 9.636260E-01 0
24.5075560252 3.99624708715 0 9.412957E-01 0
24.4607113967 3.99583635285 0 9.332558E-01 0
24.4143199003 3.99871071307 0 9.264424E-01 0
24.3235750079 4.01319167892 0 9.117669E-01 0
24.2795570277 4.02407128599 0 9.017096E-01 0
24.2366439083 4.03684843053 0 8.889646E-01 0
24.1545827216 4.06662102041 0 8.557640E-01 0
24.1155770898 4.08299632775 0 8.361811E-01 0
24.0779637435 4.10003069209 0 8.153381E-01 0
24.0068738115 4.13533545815 0 7.722053E-01 0
23.9409976636 4.17143197868 0 7.308792E-01 0
23.8797045655 4.20774768221 0 6.952935E-01 0
23.8505146123 4.2259273826 0 6.806435E-01 0
23.8221349386 4.24413288647 0 6.684873E-01 0
23.7944365522 4.26239386107 0 6.590353E-01 0
23.767286987 4.28075291931 0 6.524240E-01 0
23.7141033253 4.3179802395 0 6.478836E-01 0
23.6615576061 4.35628655761 0 6.543959E-01 0
23.6352330179 4.37599237282 0 6.613014E-01 0
23.6087402206 4.39613596831 0 6.702658E-01 0
23.5554650166 4.43747621939 0 6.930347E-01 0
23.500107005 4.48141456386 0 7.212092E-01 0
23.4711433648 4.50472946061 0 7.370325E-01 0
23.4427993995 4.52772877143 0 7.529171E-01 0
23.4133262709 4.55181351455 0 7.696525E-01 0
23.3832740568 4.5765279141 0 7.867751E-01 0
23.3213689447 4.6278584075 0 8.216866E-01 0
23.2894962992 4.65447360433 0 8.392721E-01 0
23.2570035352 4.6817175071 0 8.568374E-01 0
23.2238892903 4.70958430273 0 8.743238E-01 0
23.1558015665 4.7671561241 0 9.088671E-01 0
23.1208354622 4.79684268867 0 9.258337E-01 0
23.0490906409 4.85796196905 0 9.589483E-01 0
23.0123297065 4.88936929823 0 9.750191E-01 0
22.974990886 4.92132313646 0 9.907178E-01 0
22.9370868606 4.95380835077 0 1.00601117826 0
22.8986316819 4.98680895121 0 1.0208681688 0
22.8596406908 5.02030815695 0 1.03525984113 0
22.8201304364 5.05428846235 0 1.04915937029 0
22.780118595 5.088731703 0 1.06254204252 0
22.7396238893 5.1236191218 0 1.07538525145 0
22.6986660071 5.15893143502 0 1.08766849494 0
22.6572655206 5.19464889838 0 1.09937337248 0
22.6154438051 5.2307513731 0 1.11048358301 0
22.5732229586 5.26721839195 0 1.12098492313 0
22.53062572 5.30402922537 0 1.13086528575 0
22.4885377025 5.34041724474 0 1.13993590982 0
22.4452644078 5.37784696961 0 1.14855921818 0
22.4016854892 5.41555782934 0 1.15653789174 0
22.3578254357 5.45352870487 0 1.16386815828 0
22.313708974 5.49173854374 0 1.17054833888 0
22.269360988 5.53016642621 0 1.1765788479 0
22.2248064374 5.56879163131 0 1.18196219319 0
22.1800702772 5.60759370291 0 1.18670297636 0
22.1351773762 5.64655251576 0 1.19080789333 0
22.0901524362 5.68564834157 0 1.19428573486 0
22.0450199112 5.72486191511 0 1.19714738734 0
21.9998039261 5.76417450022 0 1.19940583362 0
21.954528196 5.80356795589 0 1.20107615396 0
21.9092159449 5.84302480236 0 1.20217552717 0
21.863889825 5.88252828713 0 1.2027232318 0
21.8185718356 5.92206245109 0 1.20274064741 0
21.7732832419 5.96161219451 0 1.20225125604 0
21.7280444946 6.00116334317 0 1.2012806437 0
21.6828751481 6.0407027144 0 1.19985650198 0
21.6377937802 6.08021818312 0 1.19800862974 0
21.5928179107 6.11969874797 0 1.19576893489 0
21.5479639205 6.15913459728 0 1.19317143617 0
21.5032469709 6.19851717525 0 1.19025226502 0
21.4586809221 6.23783924791 0 1.18704966744 0
21.4142782526 6.27709496925 0 1.18360400579 0
21.370049978 6.31627994726 0 1.17995776057 0
21.3260055703 6.35539131 0 1.17615553204 0
21.2821528765 6.39442777168 0 1.17224404176 0
21.1950454089 6.47227917567 0 1.16429077543 0
21.1517974787 6.51110006963 0 1.16035275286 0
21.1087548516 6.54985804145 0 1.15650931112 0
21.0241301466 6.62644333233 0 1.14935472644 0
20.9394352891 6.70365708956 0 1.14298861683 0
20.8973700189 6.74223791413 0 1.14020342235 0
20.8554837932 6.78081850535 0 1.13771242324 0
20.7722177331 6.85803412819 0 1.13366862375 0
20.7308217255 6.89669766925 0 1.1321306056 0
20.6895728042 6.9354176439 0 1.1309163466 0
20.6074845389 7.01308424429 0 1.12943136156 0
20.5666304941 7.05205872462 0 1.12913374191 0
20.5258945225 7.0911449958 0 1.12910609787 0
20.444756609 7.16970120821 0 1.1297497058 0
20.4043476547 7.20919271789 0 1.13035245347 0
20.3640431371 7.2488388033 0 1.131088181 0
20.283751146 7.32862268348 0 1.13276457294 0
20.2437705642 7.36877012917 0 1.13359533557 0
20.2039085911 7.40909110049 0 1.13433930294 0
20.1641745717 7.44958529086 0 1.13492869245 0
20.1245805601 7.49025002409 0 1.13529062465 0
20.0458754888 7.57206751067 0 1.13501527314 0
20.0075832054 7.61237744924 0 1.13422842799 0
19.9687260995 7.65364154589 0 1.13286312907 0
19.8917853741 7.73649686751 0 1.12804445361 0
19.8537696114 7.77804424887 0 1.12441232145 0
19.81610764 7.81963746172 0 1.11986300657 0
19.742013983 7.9028452969 0 1.1077707813 0
19.7056724654 7.94439722887 0 1.10013372943 0
19.6698643542 7.98587032198 0 1.09139138149 0
19.6346388236 8.0272301815 0 1.08152395013 0
19.6000460352 8.06844183221 0 1.07052275533 0
19.5661367771 8.1094700736 0 1.05839035377 0
19.5329621041 8.150279835 0 1.0451406841 0
19.4690199012 8.23110641564 0 1.0154031948 0
19.4383525686 8.27105693953 0 9.990017E-01 0
19.4086194947 8.31065710312 0 9.816560E-01 0
19.3798676595 8.34987781281 0 9.634398E-01 0
19.3521421466 8.38869223595 0 9.444392E-01 0
19.3254857829 8.42707615604 0 9.247534E-01 0
19.2999387781 8.46500832789 0 9.044944E-01 0
19.2755383643 8.50247083279 0 8.837876E-01 0
19.2523184356 8.53944943375 0 8.627718E-01 0
19.2303091876 8.57593393059 0 8.415993E-01 0
19.2095367567 8.61191851521 0 8.204355E-01 0
19.1900228601 8.6474021267 0 7.994591E-01 0
19.1717844351 8.68238880657 0 7.788609E-01 0
19.1548332847 8.7168880467 0 7.588424E-01 0
19.1394763294 8.75023891696 0 7.399800E-01 0
19.1250881028 8.78382268814 0 7.216891E-01 0
19.1119915739 8.81697916332 0 7.045365E-01 0
19.1001788939 8.84973773443 0 6.886792E-01 0
19.089638102 8.88213157559 0 6.742552E-01 0
19.0803534749 8.91419713286 0 6.613812E-01 0
19.0723058755 8.94597361407 0 6.501513E-01 0
19.065473102 8.97750247859 0 6.406343E-01 0
19.059830237 9.00882692719 0 6.328728E-01 0
19.0553499962 9.03999139174 0 6.268827E-01 0
19.0520030777 9.07104102511 0 6.226531E-01 0
19.0497585109 9.10202119091 0 6.201473E-01 0
19.0485840054 9.13297695328 0 6.193048E-01 0
19.0484463004 9.16395256675 0 6.200437E-01 0
19.0493115129 9.19499096597 0 6.222641E-01 0
19.051191814 9.22675743171 0 6.259354E-01 0
19.0539141456 9.25741819984 0 6.306765E-01 0
19.0575838328 9.28888171276 0 6.366061E-01 0
19.0621216697 9.32055634754 0 6.434981E-01 0
19.0674959003 9.35247078658 0 6.512071E-01 0
19.0736762406 9.38464933121 0 6.595862E-01 0
19.080634228 9.41711139151 0 6.684874E-01 0
19.0883435662 9.44987098349 0 6.777637E-01 0
19.0966046412 9.48227208622 0 6.870841E-01 0
19.1057334553 9.51563998566 0 6.967060E-01 0
19.1155492879 9.54931424287 0 7.063297E-01 0
19.1260349035 9.58328780701 0 7.158567E-01 0
19.1371750176 9.61754922338 0 7.252002E-01 0
19.1489561535 9.65208301236 0 7.342850E-01 0
19.1616210515 9.68756822333 0 7.432177E-01 0
19.174395767 9.72188793783 0 7.514288E-01 0
19.1880350457 9.75711139989 0 7.593871E-01 0
19.2022766627 9.79251264337 0 7.668845E-01 0
19.2171140384 9.82806174661 0 7.738926E-01 0
19.2325415446 9.8637270361 0 7.803914E-01 0
19.248554361 9.89947546532 0 7.863684E-01 0
19.2823198259 9.97108496515 0 7.967442E-01 0
19.3000655889 10.0068764875 0 8.011539E-01 0
19.3183826047 10.0426128107 0 8.050629E-01 0
19.3567186563 10.1137838455 0 8.114695E-01 0
19.3767315576 10.149153179 0 8.140258E-01 0
19.3973031569 10.184337315 0 8.161981E-01 0
19.4401059283 10.2540389906 0 8.195578E-01 0
19.4623271462 10.2885074455 0 8.208372E-01 0
19.4850868695 10.3226932873 0 8.219151E-01 0
19.531710416 10.3894859365 0 8.236386E-01 0
19.5560279155 10.4227444707 0 8.243819E-01 0
19.5808492428 10.4556738523 0 8.250853E-01 0
19.6319586668 10.520531283 0 8.264816E-01 0
19.6582224164 10.5524589403 0 8.272176E-01 0
19.6849413937 10.5840563141 0 8.280005E-01 0
19.7396885954 10.6462844784 0 8.297500E-01 0
19.7676870817 10.6769322122 0 8.307294E-01 0
19.7960814132 10.7072832019 0 8.317821E-01 0
19.8539924613 10.7671462486 0 8.341026E-01 0
19.8834755521 10.7966870292 0 8.353625E-01 0
19.9132873304 10.8259881658 0 8.366807E-01 0
19.9434101444 10.8550663129 0 8.380489E-01 0
19.973826091 10.8839387296 0 8.394579E-01 0
20.0045170633 10.912623106 0 8.408973E-01 0
20.0348434448 10.9405686543 0 8.423265E-01 0
20.0666509181 10.9694996121 0 8.438213E-01 0
20.0974268316 10.9971643523 0 8.452523E-01 0
20.1296645569 11.0258393766 0 8.467227E-01 0
20.1608177104 11.0532924526 0 8.481038E-01 0
20.1927699659 11.0812238388 0 8.494672E-01 0
20.2248690936 11.1090881951 0 8.507698E-01 0
20.2570970413 11.1369004336 0 8.519963E-01 0
20.2894359646 11.1646743989 0 8.531326E-01 0
20.3218682413 11.1924228942 0 8.541663E-01 0
20.3543764763 11.2201577633 0 8.550869E-01 0
20.4195524042 11.2756297066 0 8.565562E-01 0
20.4521864842 11.3033864295 0 8.570927E-01 0
20.484829306 11.3311689918 0 8.574918E-01 0
20.5174646796 11.3589857036 0 8.577514E-01 0
20.5500766699 11.3868444209 0 8.578710E-01 0
20.5826496013 11.4147526296 0 8.578516E-01 0
20.6145183255 11.4421576309 0 8.576998E-01 0
20.6476169111 11.4707461209 0 8.574064E-01 0
20.6793349132 11.4982825646 0 8.569995E-01 0
20.7122465716 11.5270218667 0 8.564528E-01 0
20.7443984843 11.5552827694 0 8.558030E-01 0
20.7764229948 11.5836350265 0 8.550504E-01 0
20.8076701772 11.6115158603 0 8.542238E-01 0
20.8394022141 11.640070693 0 8.533020E-01 0
20.8715963117 11.6693140697 0 8.522949E-01 0
20.9023511518 11.6975306139 0 8.512790E-01 0
20.9335427 11.7264530724 0 8.502111E-01 0
20.9645292548 11.7555164515 0 8.491304E-01 0
20.99529893 11.7847310758 0 8.480578E-01 0
21.0258401631 11.814108075 0 8.470158E-01 0
21.0561417076 11.8436594229 0 8.460268E-01 0
21.0861925942 11.8733978633 0 8.451118E-01 0
21.1159820799 11.9033367916 0 8.442896E-01 0
21.1454995974 11.9334901355 0 8.435776E-01 0
21.1747347029 11.9638722344 0 8.429911E-01 0
21.2036770256 11.9944977203 0 8.425435E-01 0
21.2323162161 12.0253813977 0 8.422464E-01 0
21.2606418954 12.0565381236 0 8.421091E-01 0
21.2886436035 12.0879826878 0 8.421391E-01 0
21.3163107481 12.1197296932 0 8.423417E-01 0
21.3436325535 12.1517934358 0 8.427200E-01 0
21.3700622652 12.1835365706 0 8.432621E-01 0
21.3971958198 12.2169260628 0 8.440051E-01 0
21.4228937744 12.2493554564 0 8.448868E-01 0
21.4487289512 12.2828112959 0 8.459501E-01 0
21.4741606196 12.3166463457 0 8.471700E-01 0
21.4991758375 12.3508705655 0 8.485351E-01 0
21.523761122 12.3854927723 0 8.500318E-01 0
21.5479023976 12.4205205193 0 8.516437E-01 0
21.5715849454 12.4559599773 0 8.533516E-01 0
21.5947933517 12.491815814 0 8.551339E-01 0
21.6175114568 12.5280910744 0 8.569664E-01 0
21.6397223047 12.5647870632 0 8.588224E-01 0
21.6614081188 12.6019032756 0 8.606751E-01 0
21.6825503446 12.6394374542 0 8.625004E-01 0
21.7031297171 12.6773856945 0 8.642766E-01 0
21.7231263305 12.7157425526 0 8.659849E-01 0
21.7425197074 12.7545011528 0 8.676094E-01 0
21.779412398 12.8331895639 0 8.705576E-01 0
21.8136351634 12.9133713776 0 8.730520E-01 0
21.8450106589 12.994951024 0 8.750718E-01 0
21.8595745147 13.0362316362 0 8.759107E-01 0
21.8733590347 13.0778203581 0 8.766454E-01 0
21.8982652055 13.1610162751 0 8.778394E-01 0
21.9098121788 13.2042842623 0 8.783501E-01 0
21.9200556569 13.2460973093 0 8.787972E-01 0
21.9382887836 13.3321021621 0 8.796612E-01 0
21.9461638882 13.3762791955 0 8.801249E-01 0
21.952797917 13.4189031422 0 8.806185E-01 0
21.9634259832 13.5063737774 0 8.818814E-01 0
21.9672387857 13.5503215947 0 8.826989E-01 0
21.9700280695 13.5943911238 0 8.836799E-01 0
21.9724739899 13.6828380751 0 8.862525E-01 0
21.9721023629 13.7271882216 0 8.879035E-01 0
21.9706508498 13.7716056719 0 8.898361E-01 0
21.9644654056 13.8605952355 0 8.946497E-01 0
21.9597133131 13.9051454818 0 8.975750E-01 0
21.9538449642 13.9497192661 0 9.008703E-01 0
21.9387368219 14.0389011034 0 9.086251E-01 0
21.9294886706 14.0834925808 0 9.131038E-01 0
21.9191074991 14.1280744134 0 9.179908E-01 0
21.8949419724 14.2171826744 0 9.289949E-01 0
21.8811582959 14.261697305 0 9.351072E-01 0
21.8662429084 14.3061786628 0 9.416186E-01 0
21.8501987813 14.3506222133 0 9.485204E-01 0
21.8333842657 14.3941363379 0 9.556521E-01 0
21.8151179297 14.4384936601 0 9.632920E-01 0
21.7953386794 14.4836883334 0 9.714464E-01 0
21.7536632846 14.5712658831 0 9.882505E-01 0
21.7309857077 14.6154162948 0 9.971892E-01 0
21.7072269222 14.6595107519 0 1.00640397608 0
21.6565079899 14.7475287619 0 1.02557530724 0
21.6295709974 14.7914517503 0 1.03548684426 0
21.601599057 14.835317623 0 1.04558487076 0
21.5726056602 14.8791269811 0 1.05584597703 0
21.5426050208 14.92288075 0 1.06624664569 0
21.5116120516 14.9665801636 0 1.07676337527 0
21.4796423396 15.010226748 0 1.08737279177 0
21.4467121227 15.0538223056 0 1.09805174852 0
21.4128382655 15.0973688989 0 1.10877741474 0
21.3780382352 15.1408688345 0 1.11952735344 0
21.3423300779 15.184324647 0 1.13027958924 0
21.3057323942 15.227739083 0 1.14101266685 0
21.2682643158 15.271115085 0 1.15170570079 0
21.229945481 15.3144557753 0 1.16233841732 0
21.1907960112 15.3577644399 0 1.17289118902 0
21.1516434803 15.4001791686 0 1.18313707385 0
21.110910488 15.4434346798 0 1.19347631092 0
21.0685717439 15.48753326 0 1.20388380524 0
21.0271621707 15.5298852205 0 1.21373489394 0
20.9841908202 15.573087891 0 1.22362131072 0
20.9405179068 15.6162807127 0 1.23332508588 0
20.8961662545 15.6594676672 0 1.24283159994 0
20.8511589792 15.7026527718 0 1.25212697163 0
20.805519464 15.7458400634 0 1.26119805399 0
20.759271336 15.7890335822 0 1.2700324282 0
20.7124384419 15.8322373558 0 1.27861839568 0
20.665044824 15.8754553832 0 1.28694496844 0
20.6171146964 15.9186916186 0 1.29500185813 0
20.568672421 15.9619499552 0 1.30277946384 0
20.5197424835 16.0052342096 0 1.31026886096 0
20.4703494696 16.0485481065 0 1.3174618106 0
20.4205180418 16.0918952667 0 1.32435076715 0
20.3702729163 16.1352791955 0 1.3309288635 0
20.31963884 16.1787032722 0 1.33718989369 0
20.2686405674 16.2221707388 0 1.3431282955 0
20.2173028374 16.2656846884 0 1.34873913284 0
20.1656503505 16.3092480549 0 1.35401807805 0
20.1137077456 16.3528636013 0 1.35896139412 0
20.061499577 16.3965339086 0 1.36356591677 0
20.0101014822 16.4393862415 0 1.36774713418 0
19.9563842037 16.4840481551 0 1.37174868075 0
19.9045843838 16.5270186733 0 1.37525519192 0
19.8515601418 16.5709285344 0 1.37849065201 0
19.7983905568 16.6149029183 0 1.38137946406 0
19.7450991957 16.6589430869 0 1.38392151107 0
19.6917093797 16.7030500429 0 1.38611712152 0
19.5847263014 16.7914669635 0 1.38947246163 0
19.531178246 16.8357775363 0 1.39063490655 0
19.4776221033 16.8801560907 0 1.39145630728 0
19.3705721615 16.9691149742 0 1.39208539636 0
19.2637457087 17.0583359469 0 1.39138176068 0
19.2104673145 17.1030408068 0 1.39053834837 0
19.1573050964 17.1478057696 0 1.38937209465 0
19.0514050572 17.2375052755 0 1.38608711538 0
18.9461919665 17.3274090144 0 1.38156091685 0
18.8938863024 17.3724277125 0 1.3788437789 0
18.8418031048 17.4174848975 0 1.37583032339 0
18.7899579916 17.4625754627 0 1.37252547491 0
18.7383659201 17.5076938419 0 1.36893424945 0
18.6870411637 17.5528339987 0 1.3650617355 0
18.6370153299 17.5970862014 0 1.36099872168 0
18.5358085967 17.6874142339 0 1.35190433378 0
18.435868635 17.7777132208 0 1.34176726092 0
18.3372763137 17.8679126331 0 1.33062893092 0
18.2885071145 17.9129505705 0 1.32469710298 0
18.2400989871 17.9579331731 0 1.31853023871 0
18.192058118 18.0028491005 0 1.31213332482 0
18.1443897567 18.0476864195 0 1.3055112918 0
18.0970981929 18.0924325937 0 1.298669016 0
18.0501867331 18.1370744717 0 1.29161132548 0
18.0036576778 18.1815982766 0 1.28434301025 0
17.9575122984 18.2259895942 0 1.27686883732 0
17.911750814 18.2702333628 0 1.26919357123 0
17.8663723683 18.3143138611 0 1.2613220006 0
17.8213750073 18.3582146993 0 1.25325903484 0
17.7767556671 18.4019188433 0 1.24501044598 0
17.7325101896 18.4454087276 0 1.23658363168 0
17.6886333487 18.4886664028 0 1.22798775301 0
17.6451188772 18.5316736838 0 1.21923380645 0
17.6019594932 18.5744122986 0 1.21033469162 0
17.5591469271 18.6168640371 0 1.20130527353 0
17.5166719485 18.6590108994 0 1.1921624382 0
17.4745243922 18.7008352445 0 1.18292514043 0
17.4326931859 18.7423199392 0 1.17361444261 0
17.391166376 18.7834485063 0 1.1642535435 0
17.349931155 18.8242052734 0 1.1548677957 0
17.3089738879 18.8645755215 0 1.14548471091 0
17.2690915286 18.903750235 0 1.13632044799 0
17.2278346986 18.9441032437 0 1.12684730931 0
17.1876216099 18.9832373844 0 1.11765866545 0
17.1476241953 19.0219386366 0 1.10860393904 0
17.108619238 19.0594384238 0 1.09989673641 0
17.0689969664 19.0972615505 0 1.09122074917 0
17.0287489747 19.1353772084 0 1.08263141727 0
16.9894340067 19.1722888728 0 1.0745094817 0
16.9510242355 19.2080241801 0 1.06688055428 0
16.9119318207 19.2440446284 0 1.05947856575 0
16.8729208322 19.2796219331 0 1.05250964075 0
16.8339697994 19.3147641745 0 1.04601684459 0
16.7950567678 19.3494815755 0 1.04003497932 0
16.7561593223 19.383785923 0 1.03459033341 0
16.7172546105 19.4176899832 0 1.02970087474 0
16.6783193662 19.451206916 0 1.02537647019 0
16.6393299327 19.4843496908 0 1.02161912978 0
16.6002622859 19.5171305012 0 1.0184232752 0
16.5610920582 19.5495601803 0 1.01577603463 0
16.5217945613 19.5816476154 0 1.01365756824 0
16.4823448097 19.6133991636 0 1.01204143155 0
16.4427175444 19.6448180666 0 1.01089498659 0
16.4028872555 19.6759038656 0 1.01017987426 0
16.3628282065 19.7066518169 0 1.00985256473 0
16.3233233965 19.7364477898 0 1.00986175774 0
16.2819198854 19.7670902656 0 1.01016539851 0
16.2418394282 19.7961554262 0 1.01068651835 0
16.2006111761 19.8254069172 0 1.01139424435 0
16.1590234222 19.8542128646 0 1.01222338512 0
16.1170495591 19.8825306919 0 1.01311844264 0
16.074662915 19.9103094544 0 1.01402707382 0
16.0318367778 19.9374892549 0 1.01490242588 0
15.9885444174 19.9640006583 0 1.01570593877 0
15.9447591181 19.98976413 0 1.01641115354 0
15.9004544196 20.0146900769 0 1.01701193466 0
15.8556048928 20.0386804171 0 1.01752777987 0
15.8101871247 20.0616307534 0 1.01800211186 0
15.7641807121 20.0834325687 0 1.01849878483 0
15.7175692554 20.1039754222 0 1.0190971929 0
15.6703413519 20.1231491454 0 1.01988590484 0
15.6224915894 20.1408460377 0 1.02095484499 0
15.5740215397 20.156963063 0 1.02238615222 0
15.5249407522 20.171404045 0 1.02424397429 0
15.4752677473 20.1840818635 0 1.02656357964 0
15.3752900311 20.203698203 0 1.03245184838 0
15.3240649616 20.2107265894 0 1.03591388625 0
15.2724292669 20.2157772685 0 1.0395089957 0
15.1682346349 20.2199042981 0 1.0463716552 0
15.1158526529 20.2189953382 0 1.04925917582 0
15.0634107317 20.2161349839 0 1.05153817006 0
14.958765765 20.2047116473 0 1.05362893159 0
14.906778581 20.196244406 0 1.05318467489 0
14.8551599557 20.1860141866 0 1.05163123152 0
14.7534539409 20.160511024 0 1.04508218117 0
14.7035697211 20.1453658207 0 1.04013824089 0
14.6544571754 20.1287100533 0 1.0341932008 0
14.6062010398 20.1106053422 0 1.02738943967 0
14.5588768724 20.0911100373 0 1.01989379514 0
14.5125510023 20.0702789939 0 1.01187361389 0
14.4672809161 20.0481637143 0 1.0034928828 0
14.3800962453 20.0002706265 0 9.862791E-01 0
14.3382560468 19.9745804612 0 9.777428E-01 0
14.2976212101 19.9477816575 0 9.694370E-01 0
14.2207897353 19.8915921139 0 9.541479E-01 0
14.1831103203 19.8610922406 0 9.470895E-01 0
14.147427867 19.8302062433 0 9.408314E-01 0
14.0804315133 19.766287031 0 9.306477E-01 0
14.048419255 19.7326590539 0 9.267217E-01 0
14.0176099402 19.6981596225 0 9.236574E-01 0
13.9595140012 19.6266337165 0 9.201641E-01 0
13.9321766861 19.5896481229 0 9.197272E-01 0
13.9059417383 19.5518731486 0 9.201378E-01 0
13.8807780046 19.5133271565 0 9.213628E-01 0
13.856652734 19.4740279592 0 9.233595E-01 0
13.8335319805 19.4339929745 0 9.260771E-01 0
13.8113810062 19.3932393817 0 9.294575E-01 0
13.7901646842 19.3517842771 0 9.334367E-01 0
13.7698479016 19.30964483 0 9.379462E-01 0
13.750395959 19.266838437 0 9.429138E-01 0
13.7317748809 19.2233828347 0 9.482683E-01 0
13.7139515006 19.1792961062 0 9.539421E-01 0
13.6968934555 19.134596647 0 9.598724E-01 0
13.6805691801 19.0893031279 0 9.660006E-01 0
13.6649478972 19.0434344591 0 9.722728E-01 0
13.6359750663 18.9509926556 0 9.849255E-01 0
13.6222738403 18.9035240022 0 9.913477E-01 0
13.6089043316 18.8545928291 0 9.978673E-01 0
13.596608922 18.8071115531 0 1.00406845576 0
13.5845920454 18.7582068997 0 1.01030243656 0
13.5730846642 18.7088627219 0 1.01641480018 0
13.5620620197 18.6590985365 0 1.02238151173 0
13.5512933712 18.6079265244 0 1.02829568037 0
13.5413754947 18.5583877362 0 1.03379654131 0
13.5316656627 18.5074795726 0 1.0392109893 0
13.5223486489 18.4562282311 0 1.04441172903 0
13.5134032141 18.4046524284 0 1.04938797824 0
13.5048087999 18.3527706116 0 1.05413116242 0
13.4965455209 18.3006009229 0 1.05863478832 0
13.488594157 18.2481611621 0 1.06289432627 0
13.4809361455 18.1954687511 0 1.06690710128 0
13.4735535735 18.1425406971 0 1.07067219222 0
13.4664291703 18.0893935565 0 1.07419033896 0
13.4595462994 18.0360433982 0 1.07746385682 0
13.4528889507 17.9825057675 0 1.08049655793 0
13.4464417332 17.9287956497 0 1.08329367899 0
13.4401898669 17.8749274335 0 1.08586181506 0
13.4341191751 17.820914875 0 1.08820885883 0
13.4282160768 17.7667710612 0 1.09034394498 0
13.422581115 17.7135947156 0 1.09224063385 0
13.4169720787 17.659226829 0 1.09398761023 0
13.4114936204 17.6047623599 0 1.09555673524 0
13.406134453 17.5502113715 0 1.09696162306 0
13.4008838466 17.4955830771 0 1.0982169159 0
13.3957316204 17.4408858029 0 1.09933825137 0
13.3906681355 17.3861269525 0 1.10034223275 0
13.3856842866 17.3313129701 0 1.10124640187 0
13.3807714948 17.2764493041 0 1.10206921439 0
13.3759216994 17.2215403708 0 1.10283001731 0
13.3711273505 17.1665895181 0 1.1035490285 0
13.3663814013 17.1115989891 0 1.10424731828 0
13.3616772998 17.0565698857 0 1.10494679259 0
13.3570089817 17.0015021324 0 1.10567017804 0
13.3523708625 16.9463944397 0 1.1064410084 0
13.3477578296 16.8912442676 0 1.10728361263 0
13.3431652346 16.836047791 0 1.10822299033 0
13.338588883 16.7807998937 0 1.10928354839 0
13.3340250184 16.7254942398 0 1.11048783858 0
13.3294703041 16.6701233737 0 1.11185643649 0
13.3203769672 16.5591511965 0 1.11515894375 0
13.3113807598 16.4489207951 0 1.11926983131 0
13.3022865612 16.3371165235 0 1.12436455317 0
13.2976428411 16.2798870621 0 1.12734845882 0
13.2931766801 16.2247521811 0 1.13046745543 0
13.2839555089 16.1105912547 0 1.13768468305 0
13.2794743025 16.0549306767 0 1.14156790283 0
13.2748968217 15.99793145 0 1.14578378576 0
13.2657291602 15.8832682632 0 1.15496036696 0
13.2565492684 15.7676379247 0 1.16507144452 0
13.2473644909 15.6509508137 0 1.1760187659 0
13.2427729676 15.5921859833 0 1.18176657758 0
13.2381835851 15.5331286842 0 1.18767212491 0
13.2290161322 15.4141079224 0 1.19986932892 0
13.2244405247 15.3541329779 0 1.20611243042 0
13.219871947 15.2938428047 0 1.21241615376 0
13.2107604883 15.1723087547 0 1.22508628966 0
13.2062197447 15.1110647843 0 1.23138808977 0
13.2016902692 15.0495056013 0 1.2376212832 0
13.1971728813 14.9876355302 0 1.24374872927 0
13.1927582355 14.9267072042 0 1.24961556916 0
13.1881770007 14.8629893206 0 1.25554177839 0
13.1837889048 14.801488741 0 1.26103184614 0
13.1748756394 14.6751672364 0 1.27150469584 0
13.1703517887 14.6103515989 0 1.27641708993 0
13.166019191 14.5478476355 0 1.28083618572 0
13.1572181678 14.4196526546 0 1.28887215451 0
13.1528374181 14.3552690225 0 1.29236812177 0
13.1483817816 14.2894257927 0 1.2955611923 0
13.1397660764 14.1611898866 0 1.30065998263 0
13.1354295494 14.0962495086 0 1.30267792925 0
13.1311014531 14.0312168076 0 1.30432273705 0
13.1267804664 13.9661104826 0 1.30559844395 0
13.1224651325 13.9009489694 0 1.30651183543 0
13.1181538583 13.8357503024 0 1.30707244546 0
13.1138449147 13.7705319777 0 1.30729255748 0
13.1052264197 13.640102823 0 1.30677417343 0
13.1009127269 13.574923056 0 1.30607399882 0
13.0965930816 13.5097854826 0 1.3051099705 0
13.0880130449 13.3809861337 0 1.30252734074 0
13.0835736092 13.3147463963 0 1.30090895253 0
13.0792046453 13.2498907063 0 1.29917728441 0
13.0704054609 13.1204570212 0 1.29542117239 0
13.0660579692 13.0571774833 0 1.29350096633 0
13.0615035244 12.991417796 0 1.29148800231 0
13.0570960672 12.9283358246 0 1.289567735 0
13.0525633335 12.864065279 0 1.2876486043 0
13.0479914683 12.7998921613 0 1.28579509436 0
13.0433769704 12.7358128731 0 1.28403062629 0
13.0387163215 12.6718226918 0 1.28237697788 0
13.0340060015 12.6079158522 0 1.28085428199 0
13.0292425033 12.5440856284 0 1.27948102478 0
13.0244223482 12.480324415 0 1.27827404373 0
13.0195421014 12.416623809 0 1.27724852558 0
13.0145983863 12.3529746912 0 1.2764180041 0
13.0095879004 12.289367308 0 1.2757943578 0
13.0045074302 12.2257913528 0 1.27538780755 0
12.9993538662 12.1622360478 0 1.27520691422 0
12.9941242183 12.0986902254 0 1.27525857621 0
12.9888156309 12.0351424099 0 1.27554802714 0
12.9834253978 11.9715808992 0 1.27607883346 0
12.9779509776 11.9079938462 0 1.27685289227 0
12.9723900088 11.8443693406 0 1.27787042918 0
12.9667403251 11.7806954904 0 1.27912999637 0
12.96099997 11.7169605034 0 1.2806284708 0
12.9551672128 11.6531527691 0 1.28236105267 0
12.949240563 11.58926094 0 1.28432126404 0
12.9433401602 11.526554753 0 1.28645526412 0
12.9372242209 11.4624643663 0 1.28884049762 0
12.9310115228 11.398258433 0 1.29142409542 0
12.9247016827 11.3339274614 0 1.29419289259 0
12.9182946334 11.2694626295 0 1.29713204342 0
12.9117906388 11.2048558663 0 1.30022502178 0
12.9051903089 11.1400999336 0 1.3034536217 0
12.8983597373 11.0738886545 0 1.30686588035 0
12.8917049059 11.0101162595 0 1.31023646932 0
12.8848229205 10.9448789396 0 1.31374591594 0
12.8778508056 10.879473456 0 1.31730138524 0
12.8636468988 10.7481519175 0 1.32444238081 0
12.8564215706 10.6822362096 0 1.32796972913 0
12.8491190704 10.6161531955 0 1.33142674964 0
12.834300684 10.4835026099 0 1.33799515396 0
12.8267951222 10.4169479225 0 1.34103506929 0
12.8192330675 10.3502518602 0 1.34386172732 0
12.8041194699 10.2178215689 0 1.34867177938 0
12.7962756511 10.1494355074 0 1.35065536438 0
12.7887127415 10.0836475695 0 1.35218688269 0
12.7732326111 9.94921110894 0 1.35399585165 0
12.7654886521 9.88194930406 0 1.3541631429 0
12.7577553798 9.81469100622 0 1.35380451018 0
12.7423609373 9.68028825664 0 1.35146296748 0
12.7347191852 9.61319623975 0 1.34948048325 0
12.7271265649 9.5462116946 0 1.34697290376 0
12.7121206815 9.41266351379 0 1.34048721191 0
12.7047208421 9.34614537269 0 1.33658499718 0
12.697396591 9.27982478746 0 1.33230944012 0
12.6829862283 9.14784098864 0 1.32289313421 0
12.6759012926 9.08220184958 0 1.31790312738 0
12.6688939062 9.01680751046 0 1.31284124145 0
12.6550902186 8.88675545655 0 1.30289156008 0
12.6482774685 8.82208742821 0 1.29818546589 0
12.6415100172 8.75764445806 0 1.29376029804 0
12.6281949207 8.63065232781 0 1.28605627327 0
12.6213517937 8.56550880328 0 1.28272523597 0
12.6146347456 8.50179773498 0 1.27991936171 0
12.6012578732 8.37601664017 0 1.27575074061 0
12.5944379951 8.31263213965 0 1.27433845511 0
12.587560576 8.24931369663 0 1.27336654492 0
12.5735996484 8.12279551864 0 1.27259691426 0
12.5665052724 8.05956106249 0 1.27269527898 0
12.5593323986 7.99632433664 0 1.27302679259 0
12.5447623315 7.86980721659 0 1.27410104849 0
12.5373780785 7.80651620053 0 1.274711708 0
12.5299406132 7.74320119808 0 1.27529224189 0
12.5224624149 7.67986363696 0 1.27579010282 0
12.5149578263 7.61650720868 0 1.27615829505 0
12.5074427515 7.55313762876 0 1.27635544931 0
12.4999343569 7.48976239691 0 1.27634588468 0
12.4850107761 7.36303245847 0 1.27559257306 0
12.4776335246 7.29969951407 0 1.2748062245 0
12.4703382212 7.23640396252 0 1.27372794775 0
12.463143831 7.17315862746 0 1.27235080239 0
12.4562089934 7.1112396098 0 1.27070998086 0
12.4492679529 7.04813265753 0 1.26874269684 0
12.4423458583 6.98385589947 0 1.26644123847 0
12.4357294245 6.92094297724 0 1.26391124287 0
12.4294214297 6.85939953934 0 1.26118874515 0
12.4231754455 6.79672472998 0 1.25818770248 0
12.4171309711 6.7341859522 0 1.25499167307 0
12.4112942757 6.67179210711 0 1.25163591677 0
12.4056686879 6.60955052757 0 1.2481603888 0
12.4002542952 6.54746673836 0 1.24460961811 0
12.3950476483 6.48554421989 0 1.24103221882 0
12.3900416012 6.42378426291 0 1.23747654482 0
12.3852254935 6.36218605428 0 1.233986481 0
12.3805854674 6.30074685375 0 1.23060123293 0
12.3761047908 6.23946217427 0 1.22735552857 0
12.3717641797 6.17832596225 0 1.22427982754 0
12.3675421208 6.11733077787 0 1.22140052876 0
12.3634151944 6.05646797536 0 1.21874016738 0
12.3593583965 5.99572788327 0 1.21631759308 0
12.3553454619 5.9350999848 0 1.21414812223 0
12.3513491865 5.87457309806 0 1.21224365784 0
12.3473417501 5.81413555636 0 1.21061277209 0
12.343295039 5.7537753885 0 1.20926074769 0
12.3391809685 5.69348049907 0 1.20818957577 0
12.3349718057 5.63323884871 0 1.20739790941 0
12.3306404918 5.57303863443 0 1.20688097351 0
12.3261609652 5.5128684699 0 1.20663043339 0
12.3216033807 5.45392046123 0 1.20663175408 0
12.3166599471 5.3925759096 0 1.20687635659 0
12.3116977893 5.33363732759 0 1.20732548159 0
12.3064009135 5.27348836535 0 1.20797583001 0
12.3008520589 5.21332519879 0 1.20879122847 0
12.2950378583 5.15314269574 0 1.20973764881 0
12.2889481893 5.09293739648 0 1.21077621244 0
12.2825763798 5.03270762301 0 1.21186635889 0
12.2757830666 4.97124809009 0 1.21299109583 0
12.2616034487 4.85067353385 0 1.21508675991 0
12.2464769062 4.73124565999 0 1.21680084027 0
12.2301726 4.6105999195 0 1.21793818669 0
12.2129483032 4.49000541511 0 1.21828947758 0
12.1949434088 4.36953535812 0 1.21771176497 0
12.1856981816 4.3093716049 0 1.21704374454 0
12.1765087498 4.25047024209 0 1.21613447202 0
12.157256743 4.12928655752 0 1.21345708087 0
12.1478121164 4.07062281427 0 1.21177347396 0
12.1381360802 4.01086055215 0 1.20980592335 0
12.1187628888 3.89166866578 0 1.20516560368 0
12.1091134473 3.83225399304 0 1.20252795431 0
12.0995198285 3.77296858984 0 1.19970836366 0
12.0805888536 3.65480416177 0 1.19363495416 0
12.0621371498 3.53719919455 0 1.18720506033 0
12.0531376918 3.47860741018 0 1.18395312187 0
12.0443108763 3.42015315032 0 1.18073487673 0
12.0272289067 3.30363681396 0 1.17459373009 0
12.0189951828 3.24555925039 0 1.17177549016 0
12.0109765706 3.18758796677 0 1.16919998627 0
11.9957489011 3.07306258131 0 1.16504483966 0
11.9883866591 3.01531749693 0 1.1635289352 0
11.9812411372 2.95761037766 0 1.16246391364 0
11.9741701057 2.89876518418 0 1.16188002972 0
11.9675756771 2.84221971552 0 1.16182625692 0
11.9610386743 2.78448762267 0 1.16230676512 0
11.9546847043 2.72669696451 0 1.16334463598 0
11.9424754927 2.6108340851 0 1.1671273065 0
11.9365925001 2.55270838749 0 1.16987381793 0
11.9308374807 2.49441774141 0 1.17318131044 0
11.9196493454 2.37723841399 0 1.18141554267 0
11.9141848665 2.31830044271 0 1.18629555259 0
11.9087860768 2.2590995126 0 1.19164318089 0
11.8982320227 2.1410253343 0 1.2034565033 0
11.8929425566 2.08092379979 0 1.20994908727 0
11.8875581066 2.01927594961 0 1.21686109912 0
11.8823841913 1.9597067806 0 1.22371734525 0
11.8770945683 1.89857113648 0 1.23086436363 0
11.8717869465 1.83707604878 0 1.23809097968 0
11.8663485589 1.7739792002 0 1.24546194611 0
11.8557086472 1.6504388438 0 1.2594261682 0
11.8502934579 1.58753151499 0 1.26611878602 0
11.844855126 1.5242993195 0 1.27243462816 0
11.8394009818 1.4607632556 0 1.27826432259 0
11.8339416578 1.39694968034 0 1.2834925283 0
11.8284913097 1.3328905943 0 1.28799801512 0
11.8230678375 1.26862392639 0 1.29165378053 0
11.8176931067 1.20419381859 0 1.2943272111 0
11.8123931689 1.13965091078 0 1.29588029792 0
11.8071984837 1.07505262545 0 1.29616991791 0
11.8021441387 1.01046345253 0 1.29504819603 0
11.7972700717 9.459552E-01 0 1.29236296799 0
11.7926212906 8.816074E-01 0 1.28795836911 0
11.7882480956 8.175075E-01 0 1.2816755834 0
11.7842834991 7.550221E-01 0 1.27354126178 0
11.7805574486 6.904420E-01 0 1.26283142895 0
11.7774278345 6.289422E-01 0 1.25022953486 0
11.774714766 5.656273E-01 0 1.23454464276 0
11.7727089194 5.055909E-01 0 1.21685849347 0
11.7713548211 4.452723E-01 0 1.19602625828 0
11.7707932082 3.860560E-01 0 1.17225177491 0
11.7711245296 3.281028E-01 0 1.14542515279 0
11.7724565115 2.715839E-01 0 1.11546520047 0
11.7749043776 2.166815E-01 0 1.0823314434 0
11.778591071 1.635886E-01 0 1.04604097492 0
11.7585783956 -2.609996E-01 0 1.31961652829 0
