0.228 13.065027147837162 12.678082646033527 14.0
0.278 13.07750184860977 12.739458973859804 26.0
0.32799999999999996 13.081123139790781 12.797006966733461 26.0
0.37799999999999995 13.091877176686813 12.884629878173984 18.0
0.428 13.090029700032336 12.920276886208011 19.0
0.478 13.081864595425237 12.985972843730208 19.0
0.528 13.088783108353669 13.062813255595792 18.0
0.5770000000000001 13.347437240734738 13.116046814039347 19.0
0.627 13.303230169198322 13.163523430224036 19.0
0.677 13.31958972552494 13.26463720062631 16.0
0.727 13.322364376102483 13.30562279250628 18.0
0.777 13.331015291720936 13.377340663377588 18.0
0.8270000000000001 13.1785 13.442499999999999 17.0
0.877 13.321225274494664 13.567074259060282 17.0
0.927 13.322364376102477 13.57512279250628 17.0
0.977 13.331410067305068 13.645950294872113 21.0
1.0270000000000001 13.337819017361653 13.68201396252385 21.0
1.077 13.053306510093009 13.795703683693175 17.0
1.127 13.308716439726808 13.824506077960324 19.0
1.177 13.315774105233224 13.861001344897279 19.0
1.227 13.217500000000001 13.9605 7.0
1.2770000000000001 13.16260373455158 14.034780886100101 15.0
1.327 13.167271568038995 14.086204138228474 15.0
1.3769999999999998 13.176844578255677 14.167359956603368 15.0
1.4269999999999998 13.13253972993584 14.20109441437213 18.0
1.4769999999999999 13.199680303808393 14.300219949365266 20.0
1.527 13.154055883934268 14.345029376995194 20.0
1.5759999999999998 13.162799355301946 14.392384739365014 20.0
1.6269999999999998 13.508347320770918 14.453735920306674 19.0
1.676 13.540867559858075 14.561347802470854 14.0
1.726 13.152096932265188 14.552910092800165 17.0
1.8259999999999998 13.510983761207926 14.60031318606787 18.0
1.876 13.514136439561232 14.635238630036579 18.0
1.926 13.2795 14.768 18.0
2.026 13.177527670172042 14.8506477098864 17.0
2.076 13.179845424175515 14.885304547985369 17.0
2.126 13.511480613112104 15.004300805732456 21.0
2.176 13.51606859329376 14.97331949451213 16.0
2.226 13.524705031350377 15.041095779355382 21.0
2.276 13.527847627517499 15.064765407686345 21.0
2.326 13.294 15.1845 16.0
2.376 13.295 15.209 14.0
2.426 13.2995 15.306 15.0
2.476 13.302 15.3315 15.0
2.526 13.25400548606527 15.467240659465698 15.0
2.6260000000000003 13.270969911310182 15.592838882538762 16.0
2.7260000000000004 13.289543030883157 15.717849027539451 17.0
2.825 13.253521856138901 15.857202886549858 16.0
2.926 13.265867001728335 16.00105953593399 15.0
3.025 13.380499999999998 16.0895 18.0
3.075 13.383 16.116500000000002 16.0
3.125 13.352038765147313 16.248820262758198 20.0
3.225 13.356563647267322 16.3430220380168 16.0
3.2760000000000002 13.360400104413824 16.374312713983695 16.0
3.325 13.36100228916766 16.47297844699361 19.0
3.375 13.363136612277149 16.503193584275767 19.0
3.425 13.372426054474126 16.57451336510559 19.0
3.475 13.380053182356594 16.625417022646516 17.0
3.525 13.395702320052713 16.717850973105826 19.0
3.575 13.397131709152069 16.740626784788944 19.0
3.625 13.451 16.832 16.0
3.675 13.455 16.8615 16.0
3.725 13.4565 16.966 18.0
3.775 13.457999999999998 16.9935 18.0
3.825 13.37259437285211 17.098753878082835 17.0
3.875 13.475 17.1155 21.0
3.925 13.49 17.2105 18.0
3.9739999999999998 13.491499999999998 17.238 18.0
4.024 13.497 17.3355 20.0
4.074 13.450248140489492 17.370475185951047 20.0
4.124 13.45150510126009 17.471214212839143 23.0
4.1739999999999995 13.453074214603443 17.500723224657996 28.0
4.224 13.462445088256572 17.571656629935685 28.0
4.274 13.471790833801315 17.623857649915767 20.0
4.324 13.48890765325785 17.712483748802466 26.0
4.374 13.490127065008451 17.734562352499395 26.0
4.4239999999999995 13.450617907139453 17.808910791780555 22.0
4.474 13.45051779517754 17.848886456694768 22.0
4.524 13.5565 17.939 18.0
4.574 13.5585 17.968 18.0
4.624 13.471650994268803 18.04859621705454 16.0
4.6739999999999995 13.433217532251986 18.108901572157475 21.0
4.724 13.458447390212093 18.20105674729062 21.0
4.774 13.455367985834929 18.200000492222124 21.0
4.824 13.47320765099019 18.286644360322544 21.0
4.874 13.571014865467722 18.316219149622732 22.0
4.9239999999999995 13.580186177583577 18.423310811555268 23.0
4.974 13.583305813266325 18.45152157630374 23.0
5.024 13.599926131368113 18.52135661360306 18.0
5.074 13.561835553329495 18.580986178267516 18.0
5.124 13.678999999999998 18.646 17.0
5.1739999999999995 13.677999999999999 18.67 17.0
5.224 13.6815 18.7305 20.0
5.273 13.694500000000001 18.7755 20.0
5.324 13.715 18.834 16.0
5.372999999999999 13.7215 18.883000000000003 16.0
5.4239999999999995 13.67411374508566 18.923370692899617 20.0
5.473 13.695215998444883 19.005486731452756 14.0
5.523 13.7685 19.04 22.0
5.5729999999999995 13.779 19.086 22.0
5.622999999999999 13.793500000000002 19.111 21.0
5.672999999999999 13.765791798926958 19.198765343919426 21.0
5.723 13.8295 19.2335 21.0
5.773 13.8475 19.282 21.0
5.8229999999999995 13.860499999999998 19.3005 23.0
5.872999999999999 13.8925 19.368000000000002 23.0
5.922999999999999 13.865456559527846 19.414234752377723 23.0
5.973 13.892490897179785 19.469280249474917 23.0
6.023 13.771223304703348 19.634276695296627 13.0
6.0729999999999995 13.975999999999999 19.5255 23.0
6.122999999999999 13.979000000000001 19.545499999999997 23.0
6.172000000000001 13.969591586834397 19.627168425732993 26.0
6.272 13.738890350889715 19.90368497632038 22.0
6.372000000000001 14.069780307470396 19.754237479785843 30.0
6.472 13.974267365395558 19.936922270697465 27.0
6.522 13.95070590531314 19.915700393843988 27.0
6.572 14.406635329810182 19.595161952512115 24.0
6.672000000000001 14.422144173676715 19.686373848032865 23.0
6.722 14.212839360704235 19.908386647790184 23.0
6.772 14.2885 19.9215 23.0
6.822 14.26933529268764 19.974948236581124 23.0
6.872000000000001 14.335007096408162 20.027735697100304 20.0
6.972 14.409500000000001 20.0135 24.0
7.022 14.428 20.031 24.0
7.072 14.494 20.0625 24.0
7.172000000000001 14.546329868698132 20.136581609337515 19.0
7.271 14.692682913454249 19.983269541843107 17.0
7.372000000000001 14.7 20.1465 25.0
7.472 14.7865 20.1725 25.0
7.571000000000001 14.869 20.191000000000003 22.0
7.671 14.9185 20.189999999999998 29.0
7.721 14.940999999999999 20.199 29.0
7.771 15.011570127245431 20.152566099231663 26.0
7.871 15.052 20.1995 26.0
7.921 15.106813675325967 20.170509294640187 22.0
7.971 15.165167926345834 20.17432229261592 22.0
8.071 15.181500000000003 20.1655 22.0
8.121 15.250834796016907 19.96859989720344 20.0
8.171 15.230801082889933 19.959805759005512 20.0
8.271 15.186658460183969 19.917356535413923 21.0
8.321 15.362086305214962 19.996223253065274 27.0
8.371 15.351449060767173 19.98512523017869 27.0
8.47 15.349804225215014 19.982027596543915 27.0
8.521 15.445050955543403 19.961136944292775 21.0
8.57 15.429778449378642 19.95518264862219 21.0
8.671 15.392219001026927 19.91400332824623 27.0
8.72 15.555912846845668 20.05451032882558 24.0
8.77 15.537986798660993 19.89418303076691 26.0
8.82 15.596897485283108 20.031764990188737 24.0
8.87 15.549306708880035 19.872751353902665 26.0
8.92 15.687188611699167 19.969565835097477 22.0
8.97 15.709386106164313 19.898175685787557 23.0
9.02 15.811027581818232 19.992237453291562 32.0
9.07 15.8065 19.932000000000002 32.0
9.12 15.835 19.918 32.0
9.17 15.895499999999998 19.878 22.0
9.22 15.9095 19.863999999999997 25.0
9.27 15.9565 19.826500000000003 25.0
9.32 15.9795 19.8125 25.0
9.37 16.063908584883755 19.812936804215163 25.0
9.42 16.13375680982741 19.793099410255763 26.0
9.47 16.113661866024998 19.742282956827523 26.0
9.52 16.0985 19.689999999999998 26.0
9.568999999999999 16.218703443627746 19.717886056372883 18.0
9.619 16.134265247622288 19.59345655952784 20.0
9.669 16.237868650108354 19.637527771026512 22.0
9.719 16.26109074692429 19.61653595173704 22.0
9.769 16.323396198752224 19.6273766024784 22.0
9.818999999999999 16.287999999999997 19.514499999999998 18.0
9.869 16.3245 19.468000000000004 17.0
9.919 16.347 19.445 17.0
9.969 16.40935533905933 19.45335533905933 19.0
10.019 16.406 19.3755 27.0
10.068999999999999 16.4265 19.358 27.0
10.119 16.466 19.308 27.0
10.169 16.63666728630296 19.419664351455527 17.0
10.219 16.5315 19.237000000000002 23.0
10.269 16.576500000000003 19.1895 21.0
10.319 16.6 19.164499999999997 21.0
10.369000000000002 16.6125 19.1525 21.0
10.419 16.69854808758135 19.12684407234981 21.0
10.469000000000001 16.935433254249496 19.230564643080463 21.0
10.519 16.937450207675518 19.230788246639143 21.0
10.569 16.68272591719055 18.919357251838328 20.0
10.618 16.830804981034685 18.979843660721553 19.0
10.669 16.827 18.9085 19.0
10.718 16.844500000000004 18.889000000000003 19.0
10.767999999999999 16.881999999999998 18.8495 19.0
10.818 16.89677580743477 18.75237031599634 19.0
10.868 17.216227110358215 18.9944531765261 20.0
10.918 16.979669115126587 18.673230010550643 22.0
11.017999999999999 17.094 18.6375 19.0
11.118 17.175 18.562 20.0
11.218 17.393426813215285 18.70598255890425 18.0
11.267999999999999 17.40372553378039 18.624982001753587 19.0
11.318 17.306627089433583 18.377267637191203 17.0
11.418 17.525201950177305 18.520087582842496 20.0
11.468 17.383439781323744 18.306936028368675 17.0
11.517999999999999 17.633940430449638 18.419742871284893 22.0
11.618 17.71484473415619 18.34976022459192 17.0
11.718 17.76233466387004 18.313990249209017 17.0
11.767999999999999 17.56720151402302 18.019415954229473 15.0
11.817 17.63117862923061 17.967366046898064 17.0
11.867 17.678578716085745 17.989007141764034 17.0
11.917 17.93052262443438 18.10506334841629 17.0
12.017000000000001 17.835107382632323 17.861351671175836 22.0
12.067 17.886458346754903 17.878844564187414 22.0
12.117 17.94756657938018 17.762607102227516 21.0
12.217 18.034385357307208 17.68810478732496 21.0
12.317 18.253325978948713 17.834608556142086 14.0
12.367 18.31837534888779 17.844733736492554 16.0
12.417 18.18418817681765 17.568891485735488 26.0
12.467 18.197861267896894 17.553246817181034 26.0
12.517000000000001 18.260844479950894 17.499792312984756 21.0
12.567 18.2855623255561 17.478383131753723 21.0
12.617 18.37159910676249 17.47199892195472 18.0
12.667 18.397130758759005 17.447685330009513 18.0
12.717 18.371298298761705 17.330595289615946 18.0
12.765999999999998 18.600006128530147 17.529984297955743 18.0
12.815999999999999 18.492509746512653 17.294740775876843 18.0
12.867 18.475933982822024 17.23993398282201 18.0
12.915999999999999 18.731910280586618 17.41202581142585 17.0
12.967 18.784647558051436 17.43379145984068 17.0
13.015999999999998 18.809650389581794 17.3389784072787 18.0
13.065999999999999 18.831328296260846 17.319140810241315 18.0
13.116 18.956458323600362 17.333516743245696 19.0
13.165999999999999 18.958249275719147 17.335521288704673 19.0
13.216 19.02717921574462 17.275217513791436 21.0
13.265999999999998 19.02971112934178 17.204479680483608 21.0
13.315999999999999 19.09524118290562 17.21282353656179 21.0
13.366 19.11341130616418 17.12818620235237 19.0
13.415999999999999 18.975297812380152 16.852831368182123 21.0
13.466 19.20341421997693 17.050641976578536 19.0
13.515999999999998 19.228439009510897 17.031173761888603 19.0
13.565999999999999 19.12709542084954 16.78371880744133 19.0
13.616 19.191000000000003 16.7935 19.0
13.665999999999999 19.412050799831352 16.930994704966846 16.0
13.716 19.24421061886581 16.67869293493582 20.0
13.765999999999998 19.299965014118822 16.626871872337396 20.0
13.815999999999999 19.331989453549184 16.596319588398334 20.0
13.866 19.389438867701625 16.541367907142615 20.0
13.915 19.631379316128587 16.724163114797285 18.0
13.966 19.478781673867328 16.456043091783886 21.0
14.015 19.475534482758622 16.39008620689655 17.0
14.065 19.56562781049577 16.372168025463544 21.0
14.116 19.598201335738057 16.340596616237676 21.0
14.165 19.654630758759 16.28718533000951 19.0
14.215 19.685719432057947 16.25707908556804 19.0
14.265 19.947174929405904 16.42364063831301 19.0
14.315 19.775894720360913 16.173977234295926 16.0
14.365 20.00365655531504 16.30211246911481 15.0
14.415 20.105841985544124 16.34190710394317 20.0
14.465 20.12971544744599 16.319388019942934 20.0
14.515 19.920667767255754 15.969612819206407 17.0
14.565 20.251279624253968 16.206875903154625 30.0
14.615 20.327877447859102 16.196064539882535 23.0
14.665 20.330479161525346 16.13370672483695 23.0
14.715 20.34775694060795 16.11883064070603 23.0
14.765 20.428624838574407 16.042499830078327 27.0
14.815 20.464908951735662 16.002745579879456 27.0
14.865 20.502294526028663 15.975581795327837 22.0
14.915 20.504959711414973 15.974516751205995 22.0
14.965 20.3935 15.6675 19.0
15.015 20.371008107231745 15.617418918145656 19.0
15.065 20.66997133707718 15.824187189761002 17.0
15.115 20.683825735356955 15.81302391184259 17.0
15.165 20.771698635170324 15.729037834443483 15.0
15.215 20.80496638387919 15.691555319899363 15.0
15.265 20.6455 15.432000000000002 16.0
15.315 20.907487373415293 15.664987373415293 17.0
15.364 20.903098255097156 15.524319887515 18.0
15.414000000000001 21.029999999999994 15.524500000000005 18.0
15.464 21.039982724247047 15.518982932388646 18.0
15.514000000000001 21.132820117735132 15.48138007849009 21.0
15.564 21.110514939163597 15.444456001676693 21.0
15.664000000000001 21.2380068521494 15.372508851181173 21.0
15.764000000000001 21.31549188169401 15.26795814111778 20.0
15.864 21.426462281637924 15.193049644878847 21.0
15.964 21.4280612473953 15.117539342320416 21.0
16.064 21.517044238735444 14.986507112218778 21.0
16.164 21.62929257513968 14.885325837840242 23.0
16.264 21.727213595499958 14.801606797749987 14.0
16.364 21.417402402687955 14.549909436894612 22.0
16.463 21.509560675834027 14.474212951710857 23.0
16.563 21.82513361908701 14.446272685721752 17.0
16.613 21.57951979724563 14.419458048514088 23.0
16.663 21.606913727843953 14.302316552913902 26.0
16.713 21.610115384615384 14.31642307692307 26.0
16.762999999999998 21.638680193870975 14.202642776269286 21.0
16.863 21.651322852911083 14.207318338215401 21.0
16.964000000000002 21.73614516892274 14.11352903378454 29.0
17.012999999999998 21.74029866769043 14.109966188401689 29.0
17.063 21.81240266095622 13.989391080921358 30.0
17.163 21.907650735394782 13.864841911752626 24.0
17.213 21.81016412624888 13.95440061383193 30.0
17.262999999999998 21.922857853584794 13.810162876095585 24.0
17.363 21.807786285613993 13.696887761323557 20.0
17.413 21.91327694477294 13.815582805952538 24.0
17.462 21.83039831036562 13.677186573547072 20.0
17.512999999999998 21.922602764721198 13.196453983175946 21.0
17.563 21.901109579056335 13.499611548841052 29.0
17.613 21.818666720534395 13.600752257347837 20.0
17.662 21.916500935551216 13.492524953222464 29.0
17.712 21.925902102193554 13.322399182480217 28.0
17.762999999999998 21.919086058833027 13.297000678896122 21.0
17.812 21.940336327942553 13.455573469581207 29.0
17.862000000000002 21.93558596509545 13.285451059630056 21.0
17.912 21.71820376851998 13.138352833846714 23.0
17.962 21.919155303266905 13.083269493608041 25.0
18.012 21.92371894605353 13.08118031773385 25.0
18.062 21.911421418617337 13.03443571695632 25.0
18.112000000000002 21.611357930008136 12.9914891961843 22.0
18.162 21.80042905627707 12.913824745454527 25.0
18.212 21.816851867363972 12.933363035922254 25.0
18.262 21.6038809869102 12.915819718025663 22.0
18.312 21.807035028126617 12.750636944292776 21.0
18.362000000000002 21.66517096217109 12.798357322241916 21.0
18.412 21.527226178353132 12.741444037061989 21.0
18.462 21.505408843784526 12.688485749985471 26.0
18.512 21.542731197977254 12.645217229747685 26.0
18.562 21.532935074176514 12.61943467181293 26.0
18.612000000000002 21.42996626831113 12.533430600531332 22.0
18.662 21.416590930863553 12.429794241871843 20.0
18.712 21.438321833465963 12.45553144630681 20.0
18.762 21.23257319835805 12.494258066109076 17.0
18.812 21.30269533817705 12.396721864729177 24.0
18.862000000000002 21.17630336638521 12.376314411152588 21.0
18.912 21.298142433824587 12.280566697092146 25.0
18.961 21.230600015803645 12.262439464118835 25.0
19.012 21.17974669424135 12.190252361256178 22.0
19.062 21.223286688848695 12.085329699091758 23.0
19.111 21.28454951684997 12.078475241575013 23.0
19.160999999999998 21.004870465934193 12.197281808058513 17.0
19.211 21.062258315218564 12.090807975542843 25.0
19.261 21.003705029433778 12.092029980377468 25.0
19.311 21.01946069200575 12.020389687917374 25.0
19.362000000000002 21.128157657493126 11.9132370063509 21.0
19.410999999999998 20.92698067411463 11.976330327937351 21.0
19.461 20.860094107180085 11.98234445762509 22.0
19.511 20.805500000000002 11.984 22.0
19.561 20.835096965887963 11.94161757899521 22.0
19.611 20.80146761086882 11.898302969324257 28.0
19.660999999999998 20.8315 11.855 28.0
19.711 20.7175 11.870999999999999 19.0
19.761 20.782838628536897 11.793405775853369 26.0
19.811 20.703474061643988 11.77606652883549 26.0
19.861 20.72774093186836 11.728063616117009 26.0
19.910999999999998 20.689491119811706 11.682586425421722 25.0
19.961 20.636541653245093 11.69934456418741 25.0
20.011 20.69603417466742 11.695135215546564 25.0
20.061 20.5505 11.6465 22.0
20.111 20.5045 11.595 25.0
20.160999999999998 20.536096511780848 11.554714637356941 25.0
20.211 20.4710416532451 11.486844564187411 27.0
20.31 20.40256919265343 11.413401698742073 27.0
20.410999999999998 20.301499999999997 11.363 27.0
20.51 20.26 11.3155 25.0
20.56 20.305652048118013 11.214278013738957 22.0
20.61 20.182499999999997 11.2325 25.0
20.66 20.110889325829703 11.232098322422658 25.0
20.71 20.07075664260902 11.176982388247193 28.0
20.76 20.08 11.1115 28.0
20.81 19.99719156587686 11.092218837221946 26.0
20.86 19.997500000000002 11.025500000000001 26.0
20.91 19.886498921954722 10.969900893237515 29.0
21.01 19.8455 10.850999999999999 27.0
21.11 19.7785 10.762 32.0
21.21 19.735500000000002 10.709 32.0
21.26 19.66685636569429 10.70954906220399 29.0
21.31 19.583733424248383 10.689764278122684 34.0
21.36 19.594038403974047 10.618173117218168 34.0
21.41 19.516115512418526 10.602943534226172 34.0
21.46 19.49058620689656 10.576465517241381 34.0
21.509 19.497999999999998 10.4155 28.0
21.609 19.378181084966677 10.422740690591187 30.0
21.659000000000002 19.39317720053332 10.351811002418273 37.0
21.709 19.291926057824163 10.283058770558894 32.0
21.809 19.298109679034965 10.205274670308732 32.0
21.859 19.231745915792686 10.203496507567657 32.0
21.909000000000002 19.12470986772633 10.12255301898451 37.0
22.009 19.093665463656887 10.072783767911755 28.0
22.059 19.067253670069046 10.018245020362933 28.0
22.109 19.070255130502574 9.911111885007209 31.0
22.21 19.090965739753372 9.841731028667555 27.0
22.259 19.068472509385778 9.814119887095522 27.0
22.309 19.0875 9.7315 26.0
22.359 19.073999999999998 9.7 26.0
22.409000000000002 18.964131670194938 9.686622776601688 28.0
22.459 18.856499999999993 9.674999999999983 29.0
22.509 18.970730586821 9.554681119616456 33.0
22.609 18.955174490591077 9.509133696389403 33.0
22.659000000000002 18.981 9.458 30.0
22.709 18.9715 9.407 30.0
22.759 18.867034021043914 9.398869241071882 39.0
22.809 18.858303232551883 9.346591864257844 39.0
22.858 18.85431847214639 9.300974522228287 39.0
22.908 18.852541579082867 9.243883415987995 34.0
22.958000000000002 18.8890445364623 9.224886212511773 34.0
23.008000000000003 18.9215 9.1495 31.0
23.058000000000003 18.906 9.1125 31.0
23.108 18.9045 9.057 29.0
23.158 18.996038979305155 8.999468571478126 32.0
23.208000000000002 18.93961389383569 8.950298263270538 32.0
23.258000000000003 18.94415305615972 8.92437996717681 32.0
23.308000000000003 18.943978387723227 8.900030047419898 32.0
23.358 19.049249245142832 8.815169693139858 31.0
23.408 18.94593579914292 8.734967024681158 31.0
23.458000000000002 19.1469446167472 8.695261991931508 26.0
23.508000000000003 19.10470995699735 8.674202096209967 26.0
23.558000000000003 19.20677835238945 8.569470063369643 23.0
23.608 19.209712704764954 8.525626103858318 23.0
23.708000000000002 19.213377734003974 8.548461097183093 23.0
23.758000000000003 19.241262730432318 8.445701737769552 21.0
23.808000000000003 19.30731107786294 8.361598682166317 22.0
23.858 19.306927986632076 8.375476644313105 22.0
23.908 19.321217037865175 8.312586900715548 22.0
23.958000000000002 19.38384105268708 8.303629866210649 22.0
24.008000000000003 19.02 8.118500000000001 18.0
24.057 19.046 8.0765 18.0
24.108 19.048499999999997 8.069 18.0
24.156999999999996 19.102 7.993500000000001 18.0
24.206999999999997 19.107 7.987 18.0
24.258000000000003 19.538393582748434 8.140410647490546 20.0
24.307 19.55549223595006 8.108246117974776 20.0
24.357 19.611615960259513 8.12373117218166 19.0
24.406999999999996 19.60171199496491 8.043844920365899 18.0
24.456999999999997 19.41818961346877 7.883020265826696 18.0
24.506999999999998 19.436755780179666 7.854774205104869 18.0
24.557 19.429283767374123 7.802818810335957 18.0
24.607 19.4895 7.809000000000001 18.0
24.656999999999996 19.501798370095315 7.7193029975827 21.0
24.706999999999997 19.564755780179667 7.71577420510487 21.0
24.756999999999998 19.525360540790196 7.624550715164151 19.0
24.857 19.635970546037093 7.579012151258091 20.0
24.956999999999997 19.679377971415832 7.526137031700788 20.0
25.006999999999998 19.681951885797133 7.536503327877293 20.0
25.057 19.72391632506821 7.355761512933994 20.0
25.156 20.042183219336394 7.515585197583867 22.0
25.206999999999997 20.00675642443352 7.562170456586528 22.0
25.256 20.142206709679193 7.428281793181413 20.0
25.355999999999998 19.901 7.108 21.0
25.406 19.974652749769565 7.118320971435972 21.0
25.456 20.311665504191524 7.279959120387703 23.0
25.555999999999997 20.30653429815158 7.2208184315079125 23.0
25.605999999999998 20.32178782688471 7.213602315387863 23.0
25.656 20.430007489521238 7.112698500828408 25.0
25.706 20.42333839966121 7.125658087028857 25.0
25.756 20.456149511227984 7.03694144730412 19.0
25.805999999999997 20.513871880829882 7.058698317932137 24.0
25.855999999999998 20.607430411502655 6.973035871834007 28.0
25.906 20.607338399661202 6.979158087028857 28.0
25.956 20.686812666571935 6.913063340094863 28.0
26.006 20.648226173857257 6.820445846386332 18.0
26.055999999999997 20.728815152896072 6.744185090865511 16.0
26.105999999999998 20.797838399661206 6.822658087028852 27.0
26.155 20.84114333338534 6.720997340884178 27.0
26.206 20.853891944561706 6.716706994720035 27.0
26.255 20.952450207675536 6.627288246639125 31.0
26.305 20.953981383401754 6.632658760044448 31.0
26.355 21.006701164594233 6.519150246115827 32.0
26.405 21.011873953000453 6.52320726460423 32.0
26.455 21.200151131417208 6.498847629977146 25.0
26.555 21.28437550100266 6.4327089679366996 25.0
26.655 21.34256305305821 6.3217355088009155 30.0
26.755 21.412916492761294 6.262746005015719 30.0
26.805 21.404921333735686 6.206426065888078 30.0
26.855 21.52268418379995 6.179346225422482 32.0
26.955 21.526499999999977 6.176500000000017 32.0
27.005 21.60081041018887 6.053507329982217 33.0
27.055 21.634527975079642 6.029777171539795 33.0
27.105 21.722180226755153 6.023425066587307 17.0
27.155 21.718499999999914 6.02650000000007 17.0
27.205 21.71525137142753 5.907154269292425 28.0
27.255 21.79880007060198 5.7215201939056275 30.0
27.355 21.859192468872624 5.801346384103838 23.0
27.404 21.971290589271216 5.722777656030262 23.0
27.454 22.018440039245046 5.69141005886757 23.0
27.504 22.107130891455377 5.685650263543918 30.0
27.554000000000002 22.109485153378724 5.683838054344087 30.0
27.604 22.104326441144355 5.445202096209968 30.0
27.654 22.114000000000004 5.437999999999999 30.0
27.704 22.23811884480406 5.412581895496203 27.0
27.754 22.318372767765894 5.475981863736816 28.0
27.804000000000002 22.3579678287147 5.3188777917610555 29.0
27.854 22.36651843996643 5.311822127959751 29.0
27.904 22.427142340642085 5.2071291026469995 28.0
27.954 22.434925230393432 5.200628834735337 28.0
28.004 22.5155 5.076499999999999 31.0
28.054000000000002 22.5215 5.072 31.0
28.104 22.69896836015898 5.128133600833058 31.0
28.154 22.713365644148684 5.059104791083705 47.0
28.204 22.773668989386458 5.01973351538938 47.0
28.254 22.787823779025736 5.008895729920327 47.0
28.304000000000002 22.841149488700502 4.900708007763209 31.0
28.354 22.828834953831223 4.790703719870217 27.0
28.404 22.944712370130894 4.835766408434955 34.0
28.454 22.950343774609653 4.83218307438661 34.0
28.504 23.011 4.7275 29.0
28.554000000000002 23.10882388289498 4.786989393469331 30.0
28.604 23.140937755396997 4.701546607868707 30.0
28.654 23.141735009811292 4.701102514716874 30.0
28.704 23.243014642367612 4.621218515510011 31.0
28.754 23.283096720941852 4.6013457042083505 31.0
28.803 23.310499999999998 4.5175 32.0
28.854 23.3585 4.495 34.0
28.903000000000002 23.401999999999997 4.4565 35.0
28.954 23.4495 4.4375 35.0
29.003 23.532698408672367 4.438224426935992 36.0
29.053 23.538009219983223 4.433911063979872 36.0
29.103 23.593 4.327 31.0
29.153000000000002 23.621350594191636 4.265012147891856 44.0
29.203000000000003 23.692 4.27 44.0
29.253 23.694499999999998 4.268000000000001 44.0
29.303 23.711636692700093 4.192897844482982 38.0
29.353 23.81754284764987 4.165605747119665 41.0
29.403000000000002 23.884499999999996 4.181 41.0
29.503 23.956863460703158 4.085439654902974 41.0
29.603 24.063405072090124 4.053027789219013 48.0
29.653000000000002 24.079 4.050999999999999 48.0
29.703000000000003 24.14599752495052 3.981423323133212 35.0
29.803 24.24442435242217 3.9631472117088595 59.0
29.853 24.2635 3.961499999999999 59.0
29.903000000000002 24.350403109817627 3.992530082615496 48.0
30.003 24.44556643960354 3.9762163814331846 42.0
30.053 24.455 3.9754999999999985 42.0
30.103 24.54820222922533 3.974006364787196 41.0
30.203000000000003 24.642629568630607 3.977026561994615 44.0
30.252 24.6425 3.9769999999999985 44.0
30.302 24.74128163003963 3.9795164284545255 51.0
30.401999999999997 24.836040235122514 3.9706992922014397 39.0
30.451999999999998 24.864860679774967 3.9767786404499894 39.0
30.502 24.886380665546827 3.9672138397824277 39.0
30.552 24.9355 4.0385 36.0
30.601999999999997 25.026 4.061 35.0
30.651999999999997 25.0285 4.0625 35.0
30.701999999999998 25.1185 4.086 31.0
30.802 25.23 4.1015 37.0
30.851999999999997 25.232 4.103 37.0
30.901999999999997 25.325499999999998 4.139 28.0
31.002 25.395998910341977 4.224325281368387 30.0
31.052 25.387999999999987 4.219999999999992 30.0
31.101999999999997 25.473979157947742 4.315472631462826 25.0
31.201999999999998 25.57936586737505 4.316789766412274 28.0
31.252 25.563897485283118 4.303735009811284 28.0
31.301 25.596805515946325 4.460536326903512 26.0
31.401 25.539458005419103 4.726672201061798 19.0
31.451 25.593614561800017 4.492942719099992 26.0
31.500999999999998 25.771972858648105 4.549315712877574 21.0
31.601 25.69691814068208 4.813445503715945 23.0
31.651 25.798692455849363 4.631205029433852 21.0
31.701 25.89006874288667 4.7395687893364205 22.0
31.750999999999998 25.898433982821828 4.7485660171777955 22.0
31.801 25.978238616050294 4.820569058831246 20.0
31.851 25.906851371575158 4.811727787671442 20.0
31.901 25.97472444622221 4.830469412234708 20.0
31.951 26.076514331461407 4.927093594880496 23.0
32.001 26.068025147605603 4.931876817140254 23.0
32.051 26.001610828458546 5.32086478989169 23.0
32.101 25.99457808506396 5.279640027975387 21.0
32.150999999999996 26.22519660112517 5.210606797750058 23.0
32.201 26.267315513074166 5.203103151948051 23.0
32.251 26.21766194565598 5.2224851533788135 23.0
32.301 26.35331246767482 5.3002031538617675 22.0
32.351 26.28211992150986 5.500820117735107 23.0
32.400999999999996 26.27072851588573 5.509898983179426 23.0
32.45 26.20207736754797 5.502615088301354 23.0
32.501 26.495329312377145 5.4757522603046525 23.0
32.55 26.371657287525878 5.637342712475123 26.0
32.6 26.602581522457328 5.5268048800517615 15.0
32.65 26.37470274315016 5.636455575342638 26.0
32.7 26.43053614719644 5.801183249212988 24.0
32.75 26.544884911698595 5.909922632451996 25.0
32.8 26.625944553479783 5.801143203279078 23.0
32.85 26.47029949459576 5.840741961485929 24.0
32.9 26.566550768478333 5.97777183368478 25.0
32.95 26.561077367547917 5.9701150883012755 25.0
33.0 26.768223674586388 5.987065434661209 22.0
33.05 26.7804117647059 5.918147058823568 22.0
33.1 26.85616194565592 6.021485153378725 21.0
33.15 26.855169302028898 6.03182134855475 21.0
33.2 26.987654880153958 6.109821592029913 16.0
33.25 26.8906906089707 6.158715849913714 21.0
33.3 26.997630695595856 6.221506327132325 22.0
33.35 26.969772735260406 6.2727749128489005 22.0
33.4 27.09538106332938 6.336338886035893 19.0
33.45 27.081670435977745 6.329662405734639 19.0
33.5 27.13921244652882 6.406756514272509 22.0
33.55 27.19224454596147 6.4035406088019675 22.0
33.6 27.23336581880291 6.524393551470199 22.0
33.65 27.226743518589146 6.5230009519595775 22.0
33.7 27.30891055122322 6.611460187778831 20.0
33.75 27.31239875103608 6.620840915906894 20.0
33.8 27.38448116660679 6.694934386241656 20.0
33.849000000000004 27.627451965046795 6.52053992515591 20.0
33.9 27.637999999999998 6.5954999999999995 20.0
33.949 27.565964641426156 6.741105312798462 16.0
34.0 27.58939403394617 6.830826898895404 20.0
34.049 27.572301627093417 6.887112774841818 20.0
34.149 27.744186077810962 6.905788890469491 20.0
34.249 27.924 6.866 18.0
34.349000000000004 28.016999999999996 6.949999999999999 19.0
34.449 27.937190396901407 7.208752154103585 17.0
34.549 28.186999999999998 7.092 21.0
34.649 28.146661188662428 7.3116207647283655 24.0
34.749 28.377319869630387 7.169998824154636 20.0
34.848 28.423 7.269499999999999 21.0
34.899 28.321124901561372 7.441732297546423 22.0
34.948 28.42087601132083 7.442952566313721 26.0
35.048 28.48967573616507 7.478778733140663 26.0
35.098 28.49741796067497 7.48266407864997 26.0
35.148 28.56657974163957 7.51384864582062 22.0
35.248000000000005 28.641557454024348 7.503335645960979 23.0
35.298 28.655778640450002 7.510942719099992 23.0
35.348 28.669804758448258 7.727328468501676 25.0
35.448 28.808880189202775 7.5046310600032164 25.0
35.498000000000005 28.809962509737282 7.505733904923732 25.0
35.548 28.891232823591455 7.525213968589908 25.0
35.648 28.953109845939277 7.534022982311444 24.0
35.698 28.956523545563453 7.53489012070387 24.0
35.748000000000005 28.998190541501966 7.74396928135112 24.0
35.848 28.98596464960195 7.705605831677227 24.0
35.898 29.101049628097908 7.642503719021001 28.0
35.948 29.18013859472554 7.646856173236728 28.0
35.998000000000005 29.186348098947636 7.647278515785661 28.0
36.048 29.261499999999998 7.8475 21.0
36.098 29.244991050334562 7.847116345650472 21.0
36.148 29.3455 7.548500000000001 26.0
36.247 29.4155 7.5685 31.0
36.297 29.423499999999997 7.5685 31.0
36.347 29.49974580496172 7.509332211248523 31.0
36.397 29.5105 7.5585 27.0
36.446999999999996 29.619869615376828 7.741665327593202 29.0
36.497 29.627723227027634 7.740116135138186 29.0
36.547 29.64811310260009 7.477933533480355 26.0
36.597 29.625776772972376 7.723616135138187 29.0
36.647 29.735 7.5265 27.0
36.747 29.85641633507856 7.640475100684714 27.0
36.797 29.809 7.4985 29.0
36.847 29.884500000000003 7.466000000000001 29.0
36.946999999999996 29.942999999999998 7.436 27.0
36.997 29.9535 7.434 27.0
37.047 30.0225 7.4195 27.0
37.146 30.10754323228146 7.426181964016832 30.0
37.196999999999996 30.1245395686728 7.412462830118264 30.0
37.246 30.223688551567538 7.392399033103612 31.0
37.346 30.21106356991848 7.33827810018556 31.0
37.396 30.256493349491425 7.313589859264404 31.0
37.446 30.338840262603735 7.335663218675031 29.0
37.496 30.38016235329637 7.306701315254982 29.0
37.546 30.410794247838375 7.207407663769201 34.0
37.596 30.414355339059334 7.203855339059329 34.0
37.646 30.53650991478053 7.238736221038936 27.0
37.696 30.565051972882486 7.211993529944541 27.0
37.746 30.621678481734286 7.156446187309653 28.0
37.796 30.605451885797137 7.171503327877292 28.0
37.846 30.6055 7.002 31.0
37.896 30.720566017177973 7.099066017177988 34.0
37.946 30.746374997698965 7.006471636199735 34.0
37.996 30.75308469241735 7.002309802823379 34.0
38.046 30.83367137618421 6.939218748462773 36.0
38.096 30.849850460786847 6.925257669470687 36.0
38.146 30.916618706018394 6.933888490354793 23.0
38.196 30.911402826448636 6.805648426417193 27.0
38.246 31.002706883146455 6.801453702023002 27.0
38.296 31.029572462851746 6.777715414020064 28.0
38.346 31.03386800504261 6.706736759250455 28.0
38.396 31.113388424349598 6.701883694166426 24.0
38.446 31.15662858327179 6.605520752608763 24.0
38.495 31.211061484695833 6.624129543446854 24.0
38.545 31.32146531554164 6.591885458535299 29.0
38.595 31.325725754651263 6.5898104126454715 29.0
38.645 31.3290073903516 6.527344264895065 29.0
38.696 31.28426524762228 6.371456559527847 22.0
38.745 31.293460431327205 6.363537169881733 22.0
38.795 31.476601576930882 6.40109376616259 33.0
38.895 31.50075092982251 6.31662484246449 27.0
38.945 31.510009219983225 6.308911063979869 27.0
38.995 31.62069400926365 6.276060550356286 26.0
39.095 31.685376676418702 6.228963720380483 26.0
39.195 31.80256601717798 6.184066017177983 31.0
39.295 31.868213137908214 6.113788940606161 31.0
39.395 31.92943659613482 6.049115556646699 30.0
39.495 31.97819679585835 6.008321509737889 30.0
39.545 32.02824989238293 6.029999886718896 21.0
39.595 32.05629230832346 5.914935939951485 29.0
39.645 32.06419275020881 5.904717125161378 29.0
39.695 32.1125911194278 5.827055525901313 20.0
39.745 31.92323581428524 5.668377735403257 23.0
39.794000000000004 31.95979696743415 5.616949000561574 23.0
39.844 31.967397551889825 5.606198265921973 23.0
39.894 32.2087923015483 5.7070542723303515 21.0
39.944 32.33027300841207 5.796051382360558 27.0
39.994 32.40340513262744 5.682747977358327 20.0
40.044000000000004 32.39021374733851 5.703710883309698 27.0
40.094 32.41480378635901 5.563524369561357 26.0
40.144 32.4050440353666 5.580597765270928 26.0
40.194 32.51105729904121 5.495309281353659 26.0
40.294000000000004 32.542933479247374 5.434350223677828 26.0
40.344 32.533615088301374 5.451410058867541 26.0
40.394 32.597838484240754 5.310882538698159 25.0
40.494 32.72678898518832 5.23507149873452 21.0
40.544000000000004 32.64067956998254 5.30516788862467 23.0
40.594 32.711869203833714 5.138988496708459 23.0
40.694 32.72801426098437 5.10106093343392 23.0
40.743 32.72080469615791 5.117898102343251 23.0
40.793 32.817220583516914 4.95409817359616 25.0
40.844 32.7464349375187 5.019695727281718 23.0
40.893 32.83883492168387 4.860957518983316 24.0
40.944 32.82093694390778 4.92841875492552 25.0
40.993 32.80532623086308 4.765527285540729 26.0
41.043 32.83515415005521 4.854722800023296 24.0
41.093 32.8193624895693 4.731633525405335 26.0
41.143 32.81973919982745 4.731571759948082 26.0
41.193999999999996 32.28552731494123 4.56719466636265 18.0
41.243 32.83380421181284 4.608531908095708 23.0
41.293 32.83576882428121 4.486781133662484 25.0
41.343 32.836563318607325 4.496978165930448 25.0
41.393 32.733068593293744 4.405319494512119 17.0
41.443000000000005 32.83379101538577 4.431065917948813 25.0
41.493 32.727048429374 4.3002082624297815 25.0
41.593 32.7182481076026 4.233020525999648 21.0
41.643 nan nan 12.0
41.693000000000005 32.71241817393291 4.147767637099584 25.0
41.793 32.835395599913326 4.008350337334812 24.0
41.843 32.84265073539474 4.043841911752406 24.0
41.893 32.6193979700339 3.9665370214099998 23.0
41.943000000000005 32.72162252399939 3.829926485600362 26.0
41.993 32.727856718472104 3.8237936331727598 26.0
42.042 32.741956823711796 3.8778840213682155 26.0
42.093 32.608139711544744 3.771867209399553 25.0
42.141999999999996 32.60321419408269 3.755733361840962 25.0
42.192 32.6057687555144 3.637024904164983 27.0
42.242 32.61102257347844 3.648099080900505 27.0
42.292 32.51426509844351 3.565130948226006 25.0
42.342 32.5115059947474 3.556534483718715 25.0
42.391999999999996 32.41100765012593 3.4919184249096498 25.0
42.442 32.474107284694696 3.488868887438547 25.0
42.492 32.24671415648095 3.493979846365819 20.0
42.542 32.37163945727875 3.39343922102603 26.0
42.592 32.330938438328765 3.324158004233934 26.0
42.641999999999996 32.322482555230515 3.3032560114002973 26.0
42.692 32.2267627399662 3.2557290710153817 21.0
42.742 32.21953985407367 3.2258058888190666 21.0
42.792 32.06699999999999 3.2545 20.0
42.842 32.21114172666053 3.100268315073336 20.0
42.891999999999996 32.1015373704181 3.0514894486881063 20.0
42.942 32.10969322154963 3.0445676167698865 20.0
42.992 31.948999999999998 3.0845000000000002 19.0
43.042 31.9165 3.0294999999999996 19.0
43.092 31.937186673560333 2.972438090314043 18.0
43.141999999999996 31.859 2.956 27.0
43.192 31.8365 2.9345 27.0
43.242 31.795499999999997 2.8775 25.0
43.292 31.772999999999996 2.856 25.0
43.342 31.728500000000004 2.8015 25.0
43.441 31.665 2.719 24.0
43.541000000000004 31.67889533174271 2.5767918084083785 23.0
43.641000000000005 31.493553709114206 2.5910588545254654 25.0
43.74100000000001 31.460500000000003 2.477 26.0
43.841 31.36554261976739 2.440953558575619 29.0
43.891000000000005 31.350147204242436 2.421344083161334 29.0
43.941 31.283102013571536 2.348242237589184 25.0
43.99100000000001 31.267999999999997 2.328500000000001 25.0
44.041000000000004 31.192556742246715 2.2348595707171146 22.0
44.141000000000005 31.147 2.1145 25.0
44.24100000000001 31.0845 2.0460000000000003 29.0
44.291000000000004 31.066499999999998 2.0295 29.0
44.341 30.9915 1.9585 24.0
44.391000000000005 30.9775 1.9409999999999998 24.0
44.441 30.87733529268764 1.9044482365811226 17.0
44.49100000000001 30.895 1.8525 24.0
44.541000000000004 30.8215 1.7805 16.0
44.591 30.76853716988173 1.7955395686727995 26.0
44.64 30.70661155988233 1.7236261567679927 26.0
44.691 30.928742726425526 1.4528364684522643 16.0
44.74 30.653 1.6059999999999999 28.0
44.791000000000004 30.600037169881734 1.6210395686727992 28.0
44.84 30.557000000000002 1.5014999999999998 29.0
44.94 30.466499999999996 1.415 24.0
45.04 30.380499999999998 1.325 25.0
45.14 30.277444857251886 1.295637821041919 29.0
45.19 30.296499999999998 1.2414999999999998 29.0
45.24 30.20601346882563 1.219712671663769 29.0
45.291000000000004 30.17642402876305 1.1930493475717985 28.0
45.34 30.102679750021164 1.1253264944213976 28.0
45.39 30.1205 1.0695000000000001 22.0
45.44 30.01639000536743 1.0330842202114745 22.0
45.49 30.001292403353418 1.0203181586226062 22.0
45.54 29.9605 0.9179999999999999 26.0
45.59 29.906681841377395 0.9322075966465813 26.0
45.64 29.88 0.8315 25.0
45.69 29.862000000000002 0.812 25.0
45.74 29.79 0.7365 24.0
45.79 29.777 0.7205 24.0
45.84 29.728500000000004 0.658 23.0
45.89 29.6985 0.629 23.0
45.93899999999999 29.645 0.578 24.0
45.99 29.6175 0.5435000000000001 24.0
46.038999999999994 29.5685 0.48150000000000004 23.0
46.09 29.536499999999997 0.449 23.0
46.138999999999996 29.4815 0.39399999999999996 21.0
46.19 29.4565 0.35999999999999993 21.0
46.239 29.371948516192866 0.3282502506149823 15.0
46.288999999999994 29.381999999999998 0.26699999999999996 24.0
46.339 29.329500000000003 0.214 24.0
46.388999999999996 29.541283835814582 -0.0031102413237672766 14.0
46.43899999999999 29.255000000000003 0.12000000000000001 25.0
46.489 29.519582337565303 -0.18350154307430194 17.0
46.54 29.173000000000002 0.03 21.0
46.589 29.10792834433621 0.026404220644624523 21.0
46.638999999999996 29.066000000000003 -0.029500000000002403 21.0
46.68899999999999 29.0745 -0.09299999999999997 21.0
46.739 28.98664560222708 -0.1116508657160406 23.0
46.788999999999994 28.993000000000002 -0.18250000000000002 23.0
46.839 29.21792648968134 -0.46085422439695295 14.0
46.888999999999996 28.876620529690737 -0.24119935656555114 18.0
46.93899999999999 28.822513468825637 -0.29728732833623106 18.0
46.989 28.7890066652923 -0.33870271819513575 25.0
47.038999999999994 28.740875157535516 -0.39724907017749594 25.0
47.089 28.748 -0.463 20.0
47.138000000000005 28.6965 -0.5165 18.0
47.188 28.6665 -0.5535 18.0
47.238 28.57877339362067 -0.5818732714568797 21.0
47.288999999999994 28.511289321881346 -0.5782893218813454 21.0
47.339 28.48312505380853 -0.6050000566405573 19.0
47.388000000000005 28.4935 -0.743 19.0
47.438 28.366942188742964 -0.7381657048260217 21.0
47.488 28.338306585635994 -0.7652864866689203 21.0
47.538000000000004 28.309417824272234 -0.7936663568485203 21.0
47.588 28.547452877997735 -1.1284166486239628 22.0
47.638000000000005 28.278 -0.9869999999999999 25.0
47.688 28.205099699026714 -0.9872147510281777 25.0
47.738 28.185000000000002 -1.076 17.0
47.788000000000004 28.112437838475667 -1.0840766772200092 17.0
47.838 28.085040481347406 -1.1170490152732269 24.0
47.888000000000005 28.027380710876674 -1.178955504643155 24.0
47.938 28.207436161977693 -1.4214881709764613 18.0
47.988 27.991500000000002 -1.288 22.0
48.038000000000004 27.934802135039835 -1.2783381104871352 22.0
48.088 27.867102013571536 -1.3522577624108125 25.0
48.138000000000005 27.846919601992525 -1.3739137200384897 25.0
48.188 27.77853871955163 -1.4467863327299553 22.0
48.238 27.758662116350344 -1.4704031671770346 22.0
48.288000000000004 27.697261232759523 -1.5432851481467207 23.0
48.338 27.67640058974423 -1.564904731838216 23.0
48.387 27.570592696712175 -1.6045564091583682 23.0
48.438 27.58629850420765 -1.6632409591086814 23.0
48.488 27.563499999999998 -1.769 22.0
48.537 27.5415 -1.7914999999999999 22.0
48.588 27.46 -1.887 24.0
48.687 27.364213704649394 -1.9328855709674406 25.0
48.736999999999995 27.3825 -1.9845000000000002 25.0
48.787 27.27810221789285 -2.0268125642227957 22.0
48.836999999999996 27.297 -2.0825 22.0
48.887 27.178591804023423 -2.149596938272711 28.0
48.986999999999995 27.156 -2.2535 16.0
49.037 27.099302135039828 -2.2438381104871348 27.0
49.086999999999996 27.00289428852972 -2.2879778494986263 27.0
49.137 26.986347011157207 -2.3053595000423384 22.0
49.187 26.92220097218815 -2.3776290316599047 22.0
49.236999999999995 26.9775 -2.4665 20.0
49.287 26.843632211814867 -2.4732576095199 23.0
49.336999999999996 26.830789321881344 -2.4852893218813454 23.0
49.387 26.74592051005903 -2.5814464596694213 21.0
49.486999999999995 26.724753207084778 -2.6863980057783614 20.0
49.536 26.7415 -2.7415 14.0
49.586999999999996 26.64135486219003 -2.780093411005269 21.0
49.637 26.659 -2.8365 16.0
49.68600000000001 26.5650121495869 -2.8736958865296307 19.0
49.736999999999995 26.54603529222681 -2.891758298720747 19.0
49.786 26.518500000000003 -2.9965 17.0
49.836000000000006 26.4985 -3.0195000000000003 17.0
49.886 26.521916020534732 -3.1510558435886344 18.0
49.93600000000001 26.38624932689644 -3.073609729398436 18.0
49.986000000000004 26.391895019672553 -3.2113072918036876 22.0
50.036 26.3355 -3.2 22.0
50.086000000000006 26.335155634326792 -3.2763945771130585 22.0
50.136 26.28879763419529 -3.3253872323955416 25.0
50.18600000000001 26.226384886288233 -3.3957019619482898 25.0
50.236000000000004 26.093224303653287 -3.320831474836485 20.0
50.286 26.130499999999998 -3.4385 21.0
50.336000000000006 26.129171514831 -3.5134882332579966 19.0
50.386 26.049 -3.5264999999999995 20.0
50.43600000000001 26.015 -3.5755 20.0
50.486000000000004 25.9775 -3.632 27.0
50.536 25.9335 -3.6740000000000004 27.0
50.586000000000006 25.884 -3.721 21.0
50.636 25.85 -3.7695000000000003 21.0
50.68600000000001 25.811 -3.8259999999999996 18.0
50.736000000000004 25.768500000000003 -3.8689999999999998 19.0
50.785 25.721000000000004 -3.9189999999999996 19.0
50.836000000000006 25.728079405679566 -3.996504077410315 19.0
50.885 25.6505 -4.0215 24.0
50.935 25.608 -4.0634999999999994 24.0
50.986000000000004 25.560499999999998 -4.1105 26.0
51.035 25.526000000000003 -4.158 26.0
51.085 25.44852890760185 -4.179638619240556 24.0
51.135 25.447499999999998 -4.251 19.0
51.185 25.401000000000003 -4.296 19.0
51.235 25.3685 -4.3375 22.0
51.285 25.333 -4.382 22.0
51.335 25.255656339278442 -4.385195018965308 22.0
51.385 25.243 -4.464 20.0
51.435 25.17005709781718 -4.476271227369194 23.0
51.485 25.174500000000002 -4.552 23.0
51.535 25.133 -4.5915 23.0
51.585 25.205156511665837 -4.727425302369417 19.0
51.635 25.052 -4.677 22.0
51.685 25.035 -4.698 22.0
51.735 25.008912011139465 -4.796789760791352 21.0
51.785 24.947499999999998 -4.784 20.0
51.835 24.8945 -4.849 27.0
51.885 24.881 -4.871 27.0
51.934 24.8185 -4.9345 18.0
51.983999999999995 24.7935 -4.957 23.0
52.035 24.7385 -5.023499999999999 21.0
52.083999999999996 24.722 -5.048 21.0
52.13399999999999 24.658 -5.1155 25.0
52.184 24.633 -5.137499999999999 25.0
52.235 24.5685 -5.215 28.0
52.284 24.545499999999997 -5.2465 28.0
52.333999999999996 24.482 -5.311 25.0
52.38399999999999 24.4575 -5.333 25.0
52.434 24.3925 -5.4110000000000005 29.0
52.483999999999995 24.3675 -5.446 29.0
52.534 24.306 -5.512 17.0
52.63399999999999 24.2215 -5.614 21.0
52.733999999999995 24.161499999999997 -5.6915 21.0
52.784 24.136 -5.7195 28.0
52.833999999999996 24.053000000000004 -5.821 27.0
52.934 23.996000000000002 -5.894 20.0
52.983999999999995 23.9675 -5.923 28.0
53.033 23.886499999999998 -6.019 30.0
53.133 23.807499999999997 -6.1114999999999995 20.0
53.233000000000004 23.752000000000002 -6.1705 26.0
53.284 23.731 -6.1975 26.0
53.333 23.678 -6.258 24.0
53.383 23.65 -6.2875 24.0
53.433 23.616167735520907 -6.410578746663333 22.0
53.533 23.5285 -6.445500000000001 24.0
53.583 23.5045 -6.4735 24.0
53.633 23.4265 -6.5755 24.0
53.733000000000004 23.344499999999996 -6.6775 27.0
53.833 23.2895 -6.745 23.0
53.883 23.268500000000003 -6.774 23.0
53.933 23.17509752393496 -6.810089852658592 23.0
53.983000000000004 23.189499999999995 -6.8705 23.0
54.033 23.22356908366517 -7.064623150443768 21.0
54.132 23.128644237844988 -7.101129918806455 23.0
54.183 23.10813183388224 -7.1272821551931855 23.0
54.232 23.08489936282217 -7.229329669470755 22.0
54.283 23.0322817127574 -7.218251894142799 22.0
54.332 22.893500000000003 -7.2235 26.0
54.383 22.868000000000002 -7.2515 26.0
54.431999999999995 22.919679902857062 -7.417242081683214 25.0
54.482 22.907960749378354 -7.434704549544122 25.0
54.532 22.81804666433584 -7.537662736685088 25.0
54.632 22.70335533905933 -7.51135533905933 18.0
54.681999999999995 22.756825270911637 -7.610604313628777 23.0
54.732 22.738569675859317 -7.712806752111219 22.0
54.782 22.715673761888596 -7.741439009510886 22.0
54.832 22.5225 -7.657 20.0
54.882 22.65191005886758 -7.823440039245044 24.0
54.931999999999995 22.62614256188945 -7.86306865472326 24.0
54.982 22.518138410927794 -7.909401930303353 22.0
55.032 22.499815985786984 -8.007280244858745 25.0
55.082 22.49784030337884 -8.013531834938881 25.0
55.132 22.424434101421127 -8.032500523696228 25.0
55.181999999999995 22.360185416096975 -8.106131752362803 25.0
55.232 22.31880729382414 -8.150222517087752 25.0
55.282 22.302097922466274 -8.180736161588849 25.0
55.332 22.321539251962438 -8.243177855420427 25.0
55.382 22.140041297668915 -8.222628193105875 22.0
55.431999999999995 22.103059883157677 -8.261136466717241 22.0
55.482 22.063320249792785 -8.316068183181375 26.0
55.532 22.031997106077156 -8.35932549060759 26.0
55.582 22.089430828040147 -8.519144925703472 28.0
55.632 22.017331765773875 -8.523621363212765 28.0
55.681999999999995 21.897348664685115 -8.51534935311313 26.0
55.732 21.8375 -8.509 26.0
55.782 21.92409805562371 -8.712741936680187 21.0
55.832 21.740499999999997 -8.6165 24.0
55.881 21.6905 -8.6765 19.0
55.931000000000004 21.656 -8.716000000000001 22.0
55.981 21.6105 -8.7665 22.0
56.031000000000006 21.578 -8.8015 27.0
56.081 21.5285 -8.8625 27.0
56.132 21.5065 -8.887 27.0
56.181000000000004 21.445999999999998 -8.9545 22.0
56.231 21.428 -8.971 22.0
56.281000000000006 21.3675 -9.0475 28.0
56.331 21.3345 -9.0885 28.0
56.381 21.2855 -9.141000000000002 25.0
56.431000000000004 21.41662573890789 -9.36851327564751 20.0
56.481 21.165344457625082 -9.203405892819923 24.0
56.531000000000006 21.172 -9.274 24.0
56.581 21.1265 -9.3205 17.0
56.631 21.0965 -9.349499999999999 22.0
56.681000000000004 21.046 -9.4085 22.0
56.731 21.012999999999998 -9.445999999999998 22.0
56.781000000000006 20.99835533905933 -9.531355339059326 24.0
56.831 20.909 -9.552 24.0
56.881 20.889499999999998 -9.584 18.0
56.931000000000004 20.842 -9.638 24.0
56.981 20.817999999999998 -9.664 24.0
57.031000000000006 20.996215447445998 -9.908388019942926 15.0
57.081 20.7405 -9.734 25.0
57.13 20.71 -9.756499999999999 25.0
57.18 20.6655 -9.801 27.0
57.28 20.628 -9.845500000000001 27.0
57.33 20.780686058749335 -10.107021447425625 19.0
57.38 20.557000000000002 -9.905 29.0
57.43 20.5285 -9.934 29.0
57.48 20.660094826325732 -10.207618898624165 17.0
57.53 20.492479174913846 -10.02284664138305 23.0
57.58 20.584847528228398 -10.314307492727178 24.0
57.63 20.430172408030472 -10.067535400744212 23.0
57.68 20.399638686568814 -10.10147712592119 27.0
57.73 20.36089812204004 -10.131576206138785 27.0
57.78 20.32382618352028 -10.159129774190923 27.0
57.83 20.302290057324857 -10.179889448589638 27.0
57.88 20.251815832379812 -10.207990873140638 29.0
57.93 20.235297112073315 -10.223669314268452 29.0
57.98 20.31705870078645 -10.525529208708472 28.0
58.07899999999999 20.306866550465205 -10.590969686319456 28.0
58.129 20.325795116102878 -10.579582919681346 28.0
58.18 20.0055 -10.308 23.0
58.278999999999996 19.98380615139806 -10.420136644023422 24.0
58.32899999999999 19.994323779025734 -10.42039572992033 24.0
58.379 20.01300554871478 -10.79284812990607 19.0
58.479 19.849703784732515 -10.534669237614938 22.0
58.528999999999996 19.850540827918746 -10.535952887285433 22.0
58.57899999999999 19.7260628648983 -10.526715079106243 19.0
58.678999999999995 19.6554007438042 -10.636507438041999 24.0
58.729 19.92613507164702 -10.963338145372443 22.0
58.778999999999996 19.563168900520424 -10.714751817482629 21.0
58.879 19.564722929431213 -10.7221819174522 21.0
58.928999999999995 19.52255694150421 -10.737170824512628 21.0
58.979 19.461910201767164 -11.00671127328183 29.0
59.07899999999999 19.2472461456195 -11.006916636391928 23.0
59.129 19.38441920274147 -11.006137737714631 29.0
59.178999999999995 19.173735829955223 -10.917311943459813 18.0
59.278 19.121930962161738 -10.913231801085633 18.0
59.32899999999999 19.315516992321776 -11.0461524716189 29.0
59.378 19.048690255324633 -10.944433489436626 27.0
59.478 18.8969780800817 -10.821642407354489 26.0
59.528 18.941765526478534 -10.93592461364426 23.0
59.578 18.86357359312879 -10.828984848098347 26.0
59.628 18.82572857279058 -10.825568557535993 26.0
59.678000000000004 18.69431781492547 -10.839257082225005 22.0
59.728 18.772510770927205 -10.612820484546576 21.0
59.778 18.633563391791853 -10.719229555595504 20.0
59.828 18.706500000000002 -10.648 21.0
59.878 18.601612531237244 -10.832549875050855 22.0
59.928000000000004 18.651455620846548 -10.800025066549537 22.0
59.978 18.505377746179764 -10.741913242078741 26.0
60.078 18.273195692271898 -10.798393288509594 20.0
60.178000000000004 18.439521484429726 -10.360128305027448 18.0
60.228 18.284376061143114 -10.525174363314122 23.0
60.278 18.288247980689327 -10.5371708118047 23.0
60.327 18.361053621539792 -10.368353172464023 23.0
60.378 18.314530442868932 -10.339931004456675 23.0
60.477 18.324848393163236 -10.346165840120065 23.0
60.527 18.213905466902975 -10.508413853965434 23.0
60.577 18.066368265168748 -10.517220969516128 20.0
60.626999999999995 18.210830284467974 -10.226077523625342 20.0
60.677 18.22726727939963 -10.231005992660407 20.0
60.727 18.165384086402653 -10.188907314555962 20.0
60.777 18.10589919748661 -10.198194329851397 20.0
60.827 18.067636553379238 -10.176923847126584 18.0
60.876999999999995 18.114904582446172 -10.147929705563444 20.0
60.927 17.9935 -10.178 25.0
60.977 17.9675 -10.1435 25.0
61.027 17.930999999999997 -10.121500000000001 25.0
61.077 17.9195 -10.1095 25.0
61.126999999999995 17.8475 -10.053 29.0
61.177 17.8115 -10.018 29.0
61.227 17.7655 -9.9865 21.0
61.277 17.753999999999998 -9.975999999999999 21.0
61.327 17.7025 -9.93 21.0
61.376999999999995 17.677 -9.897 29.0
61.426 17.6345 -9.855 29.0
61.477 17.624 -9.8445 29.0
61.527 17.555 -9.783999999999999 25.0
61.576 17.545 -9.774000000000001 25.0
61.626000000000005 17.478 -9.7055 20.0
61.676 17.468 -9.6955 25.0
61.726000000000006 17.442 -9.6735 25.0
61.777 17.405 -9.645500000000002 25.0
61.826 17.29369892214622 -9.598347904939592 24.0
61.926 17.214662276600144 -9.523844473468674 24.0
62.026 17.1655 -9.4025 21.0
62.126000000000005 17.0835 -9.3445 18.0
62.226000000000006 16.994500000000002 -9.268 20.0
62.326 16.78302688508039 -9.35672638652733 16.0
62.426 16.819000000000003 -9.121 23.0
62.526 16.7275 -9.047 23.0
62.626000000000005 16.640500000000003 -8.971499999999999 24.0
62.726000000000006 16.42502654292035 -9.119377277815566 20.0
62.776 16.386182286149264 -9.089078945871275 18.0
62.825 16.490021196385133 -8.78145535205526 21.0
62.925 16.208248786903425 -8.938536956557304 22.0
63.025 16.3114139836883 -8.632429884929849 25.0
63.125 16.2325 -8.6285 19.0
63.175 16.226857349167112 -8.558962884072042 18.0
63.225 16.145766107559794 -8.484623856217596 21.0
63.325 16.122377810521137 -8.40183985187713 21.0
63.375 15.893659700623639 -8.601807860187193 26.0
63.425 16.00269055556422 -8.36566710985264 20.0
63.475 15.79445107041784 -8.51269053678116 21.0
63.525 15.914590599562965 -8.282923627552234 22.0
63.575 15.904931661167803 -8.21019266295174 22.0
63.625 15.886219779647172 -8.193567091451886 21.0
63.675 15.80899617925935 -8.124812262426094 21.0
63.725 15.516119696150904 -8.332594733288705 19.0
63.775 15.644 -8.113 15.0
63.824 15.447745741463036 -8.204330531620627 19.0
63.875 15.383369108544613 -8.21765026354391 19.0
63.924 15.280572988009276 -8.193617975380048 21.0
63.975 15.280236981064029 -8.12803465320108 21.0
64.024 15.254450550882066 -8.10533227137028 21.0
64.074 15.174014439633458 -8.037346571342281 17.0
64.124 15.153279638250922 -8.020240437906768 17.0
64.17399999999999 15.2385 -7.763 23.0
64.22399999999999 15.218 -7.7445 23.0
64.274 15.208779333019804 -7.60368015303076 15.0
64.324 14.987817335206177 -7.808307155824757 15.0
64.374 15.048 -7.596 21.0
64.42399999999999 15.027 -7.5785 21.0
64.47399999999999 14.982476698826694 -7.472916262366636 16.0
64.524 14.9275 -7.492 16.0
64.574 14.88433106780857 -7.389859443444577 19.0
64.624 14.862850470260582 -7.372549415736854 19.0
64.67399999999999 14.593490182792987 -7.536546299077921 16.0
64.72399999999999 14.703 -7.296000000000001 17.0
64.774 14.54645706446626 -7.430799144413012 15.0
64.824 14.481404261301101 -7.442843319635015 21.0
64.874 14.61973922922136 -7.105729454161022 18.0
64.92399999999999 14.597104321526281 -7.088456827996748 19.0
64.97399999999999 14.52371267274718 -7.0285134979228125 19.0
65.024 14.277684405017878 -7.27864112555047 22.0
65.074 14.417327967376599 -6.9378597698596955 22.0
65.124 14.168704795543428 -7.18600747896172 19.0
65.17399999999999 14.31557810751702 -6.854403915356048 17.0
65.223 14.331852998316933 -6.8022450322411 17.0
65.274 14.20919392921451 -6.772771359135698 15.0
65.324 14.21946624123076 -6.7178511003076995 15.0
65.374 13.893164766436922 -6.967876349888502 17.0
65.423 13.869869216160023 -6.947942200588345 17.0
65.473 13.79417984683338 -6.89062185451874 15.0
65.523 13.769826238111401 -6.8712172023607625 15.0
65.57300000000001 13.688464796995419 -6.8031466764550785 17.0
65.623 13.629873842694296 -6.817686753174 17.0
65.673 13.592175859910544 -6.724893878172525 18.0
65.723 13.580324263908611 -6.7155114561154425 18.0
65.773 13.78676706943267 -6.298542566108798 14.0
65.82300000000001 13.497078643762695 -6.573921356237313 15.0
65.873 13.612162403750743 -6.293760744474351 16.0
65.923 13.621205029433785 -6.2396924558493225 16.0
65.973 13.3655286934247 -6.406137103744247 16.0
66.023 13.312531140915858 -6.423327114116837 16.0
66.07300000000001 13.293497520360201 -6.353045179489715 14.0
66.123 13.280372778224573 -6.3441878035732495 14.0
66.173 13.538338090033998 -6.034951848284477 14.0
66.223 13.358070668445443 -6.067827731366219 13.0
66.273 13.323770902562856 -6.038239130953833 13.0
66.32300000000001 13.064244145017256 -6.203083740407115 17.0
66.373 13.183 -6.0280000000000005 12.0
66.423 13.246654575824486 -5.883888602197451 14.0
66.473 12.991312196426748 -6.033627221775424 15.0
66.523 12.968379208079353 -6.007757811361584 15.0
66.57300000000001 13.145297004959888 -5.689459748187765 15.0
66.672 12.775054389294205 -5.863332395052874 14.0
66.77199999999999 12.773944458519134 -5.76811388030333 12.0
66.822 12.936583306490187 -5.581689128374821 14.0
66.872 12.914858003690098 -5.495685572259534 13.0
66.922 12.66345921658435 -5.657054705178177 17.0
66.972 12.745999999999999 -5.5135000000000005 16.0
67.02199999999999 12.820925694747476 -5.372579312141164 18.0
67.072 12.764551917175709 -5.288441644959436 19.0
67.172 12.53646558800308 -5.307336893146871 14.0
67.27199999999999 12.629338676574728 -5.096129227281022 17.0
67.372 12.573119479194528 -5.090133921190827 18.0
67.422 12.530087070046399 -5.031301671987907 18.0
67.472 12.5326293200976 -4.929071409782731 21.0
67.572 12.419943209395536 -4.933247473716497 16.0
67.622 12.428831553515758 -4.858523075506792 20.0
67.672 12.426651018817854 -4.839732607221185 20.0
67.722 12.435879760986685 -4.751958360318806 17.0
67.77199999999999 12.44218694766192 -4.749893805135185 17.0
67.822 12.352366148773214 -4.685812450780686 20.0
67.872 12.309175307448148 -4.686956265296892 20.0
67.921 12.321503404241774 -4.600593861483271 20.0
67.971 12.258117647058821 -4.587970588235292 21.0
68.02199999999999 12.232707863806079 -4.54221785344107 21.0
68.071 12.229667640495864 -4.511414675125769 21.0
68.122 12.06634244628755 -4.521526123963257 17.0
68.171 12.099662453470343 -4.427027276487246 19.0
68.221 12.036637934294513 -4.422364291977024 19.0
68.271 11.972319962055984 -4.3327921520150285 19.0
68.321 11.963890081020143 -4.338540383527515 19.0
68.37100000000001 12.0595 -4.178999999999999 15.0
68.471 12.053 -4.121 15.0
68.521 11.985832641514243 -4.089698307489129 15.0
68.571 11.980180303808392 -4.063719949365266 15.0
68.62100000000001 11.862241655953852 -3.989515938690166 17.0
68.671 11.85708326395315 -3.903497224534897 17.0
68.721 11.892215981639936 -3.873824523730712 17.0
68.771 11.588520202535548 -3.8830685424948936 18.0
68.821 11.577861143779792 -3.8689392579096413 18.0
68.87100000000001 11.559015942924356 -3.6864287137761065 20.0
68.921 11.799399827020517 -3.6879913225947685 17.0
68.971 11.591208984614266 -3.6555659179487936 20.0
69.021 11.877471406023169 -3.5393496991670093 20.0
69.071 11.782058532750717 -3.467567565334197 20.0
69.12100000000001 11.771623759261349 -3.4661878496627105 20.0
69.171 11.916 -3.4154999999999998 8.0
69.221 11.70082251762626 -3.408243893654549 20.0
69.271 11.792226472359172 -3.2892736947657863 17.0
69.321 11.48872766170783 -3.3226020895487824 19.0
69.37 11.879999999999999 -3.229 13.0
69.42 11.4749265229274 -3.1682095552549523 19.0
69.471 11.486942430467154 -3.030240405077839 19.0
69.52 11.477839043106895 -3.1114299021429 19.0
69.57 11.474142717412928 -2.9932857015830105 20.0
69.62 11.465485797188958 -3.074360212996499 19.0
69.67 11.450710718259451 -2.8610453243745853 29.0
69.72 11.494652649356386 -2.8893712636004905 29.0
69.77 11.842500000000001 -2.8335 14.0
69.82 11.842500000000001 -2.7345 12.0
69.87 11.655614484898301 -2.643341872303275 19.0
69.92 11.697636766781052 -2.6328066854235943 19.0
69.97 11.647749532224436 -2.599012476611245 21.0
70.02 11.679374937746978 -2.558930413997948 21.0
70.07 11.783060045665671 -2.460537365383498 16.0
70.12 11.7795565931138 -2.4073782574707723 16.0
70.17 11.68224424535242 -2.375691422361882 20.0
70.22 11.685120927428397 -2.280478072977033 18.0
70.27 11.697463019365756 -2.204928994379043 18.0
70.32 11.793513727255004 -2.16917155326746 19.0
70.369 11.795306504495015 -2.1535557280900055 19.0
70.419 11.780457077294344 -2.062745280556169 21.0
70.469 11.785812027596785 -2.0014227786078025 21.0
70.52 11.786001456728066 -1.9411183317307477 17.0
70.57 11.786705339676594 -1.9314732126978689 17.0
70.619 11.79104499525963 -1.8278792686666812 29.0
70.669 11.792970966215455 -1.8151941932430968 29.0
70.719 11.797056058856983 -1.7171329885714215 25.0
70.76899999999999 11.798970966215443 -1.7046941932430952 25.0
70.819 11.79502161227678 -1.613969952580095 23.0
70.869 11.844999999999999 -1.608 8.0
70.919 11.756015590895249 -1.4948583854796125 23.0
70.969 11.758441932430916 -1.4803883864861582 23.0
71.01899999999999 11.764231630731881 -1.383197611186263 20.0
71.119 11.774379212984908 -1.2667994945838386 20.0
71.219 11.866 -1.1645 26.0
71.319 11.895 -1.044 29.0
71.419 11.761121073327772 -0.9036952139337439 19.0
71.518 11.858025176235254 -0.8605865023417376 21.0
71.569 11.862633313820416 -0.7938512180844224 15.0
71.618 11.9275 -0.6755 23.0
71.718 11.938500000000001 -0.6164999999999999 23.0
71.768 11.957 -0.5489999999999999 19.0
71.818 11.937999999999999 -0.4285 21.0
71.918 11.945 -0.3725 18.0
71.968 11.950500000000002 -0.31050000000000005 18.0
72.018 11.968 -0.1905 21.0
72.118 11.979 -0.132 21.0
72.168 11.998000000000001 -0.05550000000000002 21.0
72.218 12.023103122077318 0.0789277994388463 25.0
72.318 12.031588893331717 0.12510143311849037 18.0
72.368 12.037304418407604 0.18908186610900102 18.0
72.418 12.004 0.3175 23.0
72.468 12.004 0.318 23.0
72.517 12.044858796175784 0.4412550557789281 26.0
72.617 12.0095 0.562 21.0
72.717 12.002576206138789 0.6548981220400467 22.0
72.767 12.018271180392029 0.6827219666823652 22.0
72.817 12.030267500677754 0.8066837902569913 19.0
72.867 12.115164078649956 0.7454179606749403 15.0
72.918 12.011934865502633 0.9419962705885149 18.0
73.017 11.974499999999999 1.057 15.0
73.117 12.035134466606783 1.108736944820032 18.0
73.167 12.139703282147469 1.172069871990715 19.0
73.217 12.123368894396899 1.3253861981127648 21.0
73.267 11.975 1.3090000000000002 14.0
73.317 12.152419377627162 1.3987140704816654 21.0
73.417 12.121708985737925 1.5454470262943847 17.0
73.467 12.0225 1.5590000000000002 11.0
73.517 11.987850586290268 1.690910644489255 21.0
73.617 12.140384998684164 1.7427055200631574 20.0
73.667 12.130826760290516 1.817773226590356 18.0
73.717 12.114164566191434 1.9110770881105843 19.0
73.816 12.119902628924132 1.985381085692241 19.0
73.867 12.229223588803858 2.021273446087055 19.0
73.916 11.99827221232864 2.186403473458921 17.0
74.016 12.100999999999999 2.2365 19.0
74.067 12.242073840976675 2.311135255691204 20.0
74.116 12.205331328983803 2.329051963085117 20.0
74.166 12.218119445649108 2.3936978139706664 20.0
74.21600000000001 12.22334104059634 2.469363812224403 18.0
74.266 11.991707650990179 2.5721443603225365 19.0
74.316 12.20112301031563 2.5878465512466677 17.0
74.366 12.205923017660256 2.6597264990188756 20.0
74.416 12.208940617556234 2.721563872314329 20.0
74.46600000000001 12.20130354756404 2.7738162610348973 20.0
74.516 12.22709118774872 2.8905102536693916 17.0
74.616 12.230940617556247 2.9590638723143288 19.0
74.666 12.245073868631883 3.0131433863969423 23.0
74.71600000000001 12.06489009908751 3.1693739380283246 18.0
74.815 12.2165 3.2089999999999996 18.0
74.865 12.209 3.2565 18.0
74.915 12.238 3.386 19.0
75.015 12.340870976937175 3.439921814732008 18.0
75.065 12.062036231511215 3.5562316032802483 21.0
75.115 12.309923017660253 3.5697264990188735 22.0
75.165 12.32314458559256 3.621936942768981 27.0
75.215 12.327915147046049 3.6905882830889816 27.0
75.265 12.326492123985835 3.7788874341535954 25.0
75.315 12.331813498325076 3.837185445026959 17.0
75.365 12.199847966121691 3.9266956180191004 20.0
75.415 12.3005 3.9625 22.0
75.465 12.3155 4.0285 20.0
75.515 12.431494949366108 4.133357864376269 18.0
75.565 12.3325 4.1515 13.0
75.615 12.3325 4.151999999999999 13.0
75.665 12.423210398219211 4.277605030372651 23.0
75.715 12.422886991009984 4.257611456179978 23.0
75.764 12.40083222333526 4.389756910866244 29.0
75.865 12.194364790690706 4.5045451382141986 23.0
75.914 12.195116019029845 4.534080361906346 23.0
75.964 12.41104029691488 4.638235461465438 26.0
76.064 12.162506008983586 4.775550341015633 21.0
76.11399999999999 12.215007575950828 4.802213203435582 23.0
76.164 12.28517579968269 4.928789781935884 21.0
76.264 12.288041981529991 5.054397333868696 28.0
76.36399999999999 12.502721595248676 5.162547087235996 25.0
76.464 12.505488167780857 5.3034617204956795 29.0
76.514 12.503476382123779 5.28418825942079 23.0
76.564 12.581756439234258 5.387575851900341 29.0
76.664 12.542384074732835 5.544686309651434 26.0
76.714 12.542705448550123 5.5483303501115175 26.0
76.764 12.50954029691488 5.673735461465437 25.0
76.86399999999999 12.362517930208604 5.814393599806653 23.0
76.914 12.367158283166647 5.843903933372582 23.0
76.964 12.395125974334459 5.977510365672557 17.0
77.064 12.39807561552105 6.089388108345483 27.0
77.163 12.36578996697738 6.230129724358987 22.0
77.263 12.618933142658715 6.329843909414927 19.0
77.314 12.619388373467363 6.331456847392523 19.0
77.363 12.63932420031729 6.4597102180641155 21.0
77.46300000000001 12.646839254952642 6.583832269369499 19.0
77.513 12.547 6.5969999999999995 5.0
77.563 12.761015345280486 6.699175985360888 17.0
77.663 12.720210149032477 6.842679523795644 19.0
77.71300000000001 12.720675817938222 6.845797282322303 19.0
77.763 12.740780600264284 6.976353508323272 20.0
77.863 12.743986428273452 7.1084822453595535 22.0
77.913 12.744167773678482 7.108022148421423 22.0
77.96300000000001 12.70789315506921 7.233499967027914 16.0
78.063 12.71146902319751 7.362511144650686 15.0
78.113 12.71212405881958 7.367837038363506 15.0
78.163 12.585106143729778 7.524261891699608 16.0
78.263 12.586506450260426 7.6418031092327645 17.0
78.313 12.587086281341254 7.652436101097576 17.0
78.363 12.703596491735173 7.776160598800769 16.0
78.462 12.558051988566024 7.909724129401095 17.0
78.513 12.559772212328642 7.926903473458913 17.0
78.562 12.82561209156646 8.006276418233945 21.0
78.613 12.827481863736754 8.023543178021926 21.0
78.66199999999999 12.83521029891543 8.147181931602777 20.0
78.712 12.835992424049156 8.149286796564397 20.0
78.762 12.8035032171672 8.27591586031931 17.0
78.812 12.804654575824495 8.287695452014615 17.0
78.862 12.662601545856823 8.416685007711266 22.0
78.91199999999999 12.668423802617959 8.441236056394873 22.0
78.962 12.89050096578277 8.498597917737897 19.0
79.012 12.846305257848314 8.546762171384476 17.0
79.062 12.656857169510307 8.679444307668616 21.0
79.112 12.659437887075653 8.699163739713708 21.0
79.16199999999999 12.6766944798431 8.809910035253829 22.0
79.212 12.676638217066735 8.818755883312265 22.0
79.262 12.685851876674842 8.928881617849779 18.0
79.312 12.69434760523592 8.965472112789744 18.0
79.362 12.754221866072477 9.004486066199895 15.0
79.41199999999999 12.920201298726305 9.040199631442533 22.0
79.462 12.925926117463115 9.115656687789881 18.0
79.512 12.93160726406926 9.17814602097162 18.0
79.562 12.796273182796702 9.254711480064477 19.0
79.612 12.750277300739002 9.317941992482162 20.0
79.66199999999999 12.754306162218775 9.369319124531861 20.0
79.712 12.764475923219644 9.442936721917235 21.0
79.762 12.779135324823113 9.507306140131524 24.0
79.811 12.765698473405505 9.602625025732605 24.0
79.861 12.757103834173508 9.603445654924384 24.0
79.911 12.764904118926392 9.674444398647823 24.0
79.961 12.927 9.7135 18.0
80.01100000000001 12.933 9.783999999999999 18.0
80.061 13.037210398219191 9.83539496962735 19.0
80.111 13.09492150707742 9.895544924678607 19.0
80.161 12.959 9.968499999999999 16.0
80.211 12.974499999999999 10.0525 19.0
80.26100000000001 12.9805 10.116499999999998 15.0
80.311 12.986500000000001 10.186499999999999 15.0
80.411 12.85599585923136 10.334131023982888 21.0
80.51100000000001 12.862821457642449 10.4448149863841 17.0
80.561 12.823934742955768 10.502469577113272 21.0
80.611 12.89947862497821 10.599380343755449 21.0
80.711 13.052 10.695500000000001 17.0
80.811 13.0715 10.8215 26.0
80.911 13.0825 10.948 19.0
81.01100000000001 13.054823403913185 11.074036724921935 20.0
81.11 12.96721572123201 11.207135713604705 17.0
81.211 12.986093566195974 11.336806659660999 13.0
81.31 13.1425 11.422 21.0
81.361 13.143 11.434999999999999 21.0
81.41 13.160499999999999 11.559999999999999 22.0
81.51 13.169 11.669 21.0
81.561 13.1695 11.682500000000001 21.0
81.61 13.1845 11.807 22.0
81.71 12.990211495075442 11.935695286837534 20.0
81.81 12.950849418057683 12.06809095718531 20.0
81.91 12.989401545364455 12.109986325745064 21.0
81.96 12.9881274291305 12.15863830610249 21.0
82.01 12.954247248908034 12.303005449924866 24.0
