0.228 13.309891408651334 12.627669415865899 19.0
0.278 13.32249260556091 12.689664104560794 19.0
0.32799999999999996 13.330507440836891 12.779472133066156 24.0
0.37799999999999995 13.240745646626374 12.866240243652035 24.0
0.428 13.239940599935363 12.92544622758398 20.0
0.478 13.33004161829902 13.016108625079172 22.0
0.528 13.337367566585355 13.036246977616827 22.0
0.5770000000000001 13.347437240734738 13.116046814039347 23.0
0.627 13.303230169198322 13.163523430224036 23.0
0.677 13.31958972552494 13.26463720062631 27.0
0.727 13.322364376102483 13.30562279250628 21.0
0.777 13.331015291720936 13.377340663377588 21.0
0.8270000000000001 13.328102820085899 13.453408538964599 17.0
0.877 13.321225274494664 13.567074259060282 23.0
0.927 13.322364376102477 13.57512279250628 23.0
0.977 13.331410067305068 13.645950294872113 21.0
1.0270000000000001 13.337819017361653 13.68201396252385 21.0
1.077 13.348693489906992 13.743296316306827 19.0
1.127 13.308716439726808 13.824506077960324 25.0
1.177 13.315774105233224 13.861001344897279 25.0
1.227 13.217500000000001 13.9605 11.0
1.2770000000000001 13.31229253089686 14.044438227799798 18.0
1.327 13.316456863921974 14.070591723543052 18.0
1.3769999999999998 13.325810843488656 14.149780086793264 18.0
1.4269999999999998 13.32846027006416 14.160905585627871 18.0
1.4769999999999999 13.347639392383208 14.275560101269463 19.0
1.527 13.30322205803286 14.329235311502403 16.0
1.5759999999999998 13.310100322349033 14.364057630317493 16.0
1.6269999999999998 13.308469464154166 14.446747184061335 17.0
1.676 13.442911706572037 14.541231868313902 19.0
1.726 13.400604601602232 14.525634860799757 19.0
1.8259999999999998 13.510983761207926 14.60031318606787 16.0
1.876 13.514136439561232 14.635238630036579 16.0
1.926 13.52743084958587 14.73590180965183 17.0
2.026 13.42745849474196 14.856528435170398 17.0
2.076 13.428981863736734 14.864543178021945 17.0
2.126 13.511480613112104 15.004300805732456 20.0
2.176 13.416241155976273 14.979191696707279 19.0
2.226 13.524705031350377 15.041095779355382 20.0
2.276 13.527847627517499 15.064765407686345 20.0
2.326 13.540824650799127 15.144781090676004 14.0
2.376 13.444875207965127 15.202882644572856 15.0
2.426 13.54923140912884 15.29441452225691 17.0
2.476 13.50104570502401 15.31198571519373 19.0
2.526 13.50397805573848 15.463537362137208 17.0
2.6260000000000003 13.41956017737964 15.572322234922478 20.0
2.7260000000000004 13.536827876467369 15.681103889842198 13.0
2.825 13.353 15.847000000000001 15.0
2.926 13.415316499135837 15.988220232033004 13.0
3.025 13.528738042804278 16.066576591318935 15.0
3.075 13.532361101108382 16.102670268415885 16.0
3.125 13.648806174263356 16.204898686209027 16.0
3.225 13.406500000000001 16.3405 19.0
3.2760000000000002 13.41 16.368000000000002 19.0
3.325 13.411 16.4725 14.0
3.375 13.413 16.499499999999998 14.0
3.425 13.620295782103469 16.54194653957765 13.0
3.475 13.627287270573664 16.588331909413952 13.0
3.525 13.642190719789177 16.676096107576697 13.0
3.575 13.64647316339178 16.722492860844234 14.0
3.625 13.500955737514886 16.829896600525693 17.0
3.675 13.504546604408995 16.854781816351323 17.0
3.725 13.606484549444646 16.963847111730463 17.0
3.775 13.607777356189626 16.98533032602603 17.0
3.825 13.520952813573938 17.076623060958582 11.0
3.875 13.524694186733685 17.10997842369626 19.0
3.925 13.5887762965329 17.1949037426527 19.0
3.9739999999999998 13.641277356189615 17.22983032602603 14.0
4.024 13.646761909296782 17.327051892296076 18.0
4.074 13.649255578531495 17.350574442146847 18.0
4.124 13.601489797479921 17.469071574321717 19.0
4.1739999999999995 13.602851570793124 17.492553550684015 19.0
4.224 13.611109823486856 17.551686740128627 20.0
4.274 13.619418332397366 17.597284700168476 20.0
4.324 13.636184693484307 17.68403250239508 18.0
4.374 13.639745869983074 17.723875295001214 20.0
4.4239999999999995 13.648382092860544 17.779089208219446 20.0
4.474 13.600491102411219 17.84605677165262 18.0
4.524 13.606394005298277 17.93574604313272 15.0
4.574 13.60838151642117 17.96455989541923 15.0
4.624 13.6191745028656 18.02145189147273 20.0
4.6739999999999995 13.62892748924934 18.06769947594751 20.0
4.724 13.602999999999998 18.161 22.0
4.774 13.605 18.189500000000002 22.0
4.824 13.619500000000002 18.253500000000003 21.0
4.874 13.720970269064386 18.31256170075453 19.0
4.9239999999999995 13.629999999999999 18.419 18.0
4.974 13.633 18.445999999999998 18.0
5.024 13.697073868631888 18.49764338639694 18.0
5.074 13.708332223335248 18.548756910866246 17.0
5.124 13.825327865415783 18.613012793345582 18.0
5.1739999999999995 13.82786996096384 18.676244581706825 18.0
5.224 13.831249620850464 18.721836798793774 22.0
5.273 13.838607127426169 18.733869052076884 22.0
5.324 13.715 18.834 26.0
5.372999999999999 13.7215 18.883000000000003 26.0
5.4239999999999995 13.724 18.92 20.0
5.473 13.743500000000001 18.9925 20.0
5.523 13.7685 19.04 21.0
5.5729999999999995 13.779 19.086 21.0
5.622999999999999 13.836751559463092 19.08591409551141 20.0
5.672999999999999 13.814 19.185499999999998 18.0
5.723 13.8295 19.2335 21.0
5.773 13.8475 19.282 21.0
5.8229999999999995 13.860499999999998 19.3005 21.0
5.872999999999999 13.802139849672711 19.410837404599608 24.0
5.922999999999999 13.865456559527846 19.414234752377723 24.0
5.973 13.892490897179785 19.469280249474917 24.0
6.023 13.948 19.457500000000003 20.0
6.0729999999999995 13.975999999999999 19.5255 31.0
6.122999999999999 13.979000000000001 19.545499999999997 31.0
6.172000000000001 13.969591586834397 19.627168425732993 22.0
6.272 14.0595 19.6645 20.0
6.372000000000001 14.069780307470396 19.754237479785843 32.0
6.472 14.072506946158224 19.823568908278986 17.0
6.522 14.072382362125257 19.827980157537596 17.0
6.572 14.168477445031638 19.851639674581314 23.0
6.672000000000001 14.196371165264656 19.883925230393427 23.0
6.722 14.212839360704235 19.908386647790184 24.0
6.772 14.2885 19.9215 24.0
6.822 14.26933529268764 19.974948236581124 24.0
6.872000000000001 14.335007096408162 20.027735697100304 25.0
6.972 14.384585806207326 20.056850697199252 25.0
7.022 14.3936400073062 20.067323420847735 25.0
7.072 14.472463520689253 20.107624051889182 27.0
7.172000000000001 14.546329868698132 20.136581609337515 22.0
7.271 14.631 20.120000000000005 16.0
7.372000000000001 14.664147426341543 20.239851984242783 21.0
7.472 14.772107214683206 20.220383689611648 27.0
7.571000000000001 14.858059573016767 20.239788390600886 28.0
7.671 14.919509894951146 20.23998980008149 19.0
7.721 14.922430466182284 20.245423834544262 19.0
7.771 15.009 20.2025 21.0
7.871 15.055479913142452 20.24937875504181 21.0
7.921 15.106813675325967 20.170509294640187 26.0
7.971 15.165167926345834 20.17432229261592 26.0
8.071 15.181500000000003 20.1655 26.0
8.121 15.218499999999999 20.2165 23.0
8.171 15.277000000000001 20.2055 23.0
8.271 15.3085 20.1915 22.0
8.321 15.351043152607481 20.095611626532637 24.0
8.371 15.376974530383588 20.08181261508934 24.0
8.47 15.392902112607509 20.07226379827196 24.0
8.521 15.461 20.1605 22.0
8.57 15.512 20.1375 25.0
8.671 15.514843800205387 20.072000665649245 29.0
8.72 15.555912846845668 20.05451032882558 29.0
8.77 15.6305 20.0715 35.0
8.82 15.6385 20.0595 35.0
8.87 15.678999999999998 20.025 35.0
8.92 15.703 20.017000000000003 25.0
8.97 15.759 19.985 33.0
9.02 15.766 19.9705 33.0
9.07 15.8065 19.932000000000002 30.0
9.12 15.835 19.918 30.0
9.17 15.923075716348322 19.919708270976834 19.0
9.22 15.9095 19.863999999999997 28.0
9.27 15.9565 19.826500000000003 28.0
9.32 15.9795 19.8125 28.0
9.37 16.0345 19.7725 28.0
9.42 16.0405 19.756999999999998 28.0
9.47 16.0735 19.7125 28.0
9.52 16.131948236581124 19.727164707312358 23.0
9.568999999999999 16.153 19.6425 21.0
9.619 16.1655 19.6325 21.0
9.669 16.206 19.599 28.0
9.719 16.2275 19.5795 28.0
9.769 16.256 19.5535 28.0
9.818999999999999 16.287999999999997 19.514499999999998 28.0
9.869 16.3245 19.468000000000004 26.0
9.919 16.347 19.445 26.0
9.969 16.374000000000002 19.418 26.0
10.019 16.406 19.3755 27.0
10.068999999999999 16.4265 19.358 27.0
10.119 16.466 19.308 27.0
10.169 16.494 19.2795 18.0
10.219 16.5315 19.237000000000002 26.0
10.269 16.576500000000003 19.1895 21.0
10.319 16.636431383445103 19.19874550043839 24.0
10.369000000000002 16.6125 19.1525 24.0
10.419 16.69854808758135 19.12684407234981 24.0
10.469000000000001 16.700499999999998 19.043999999999997 28.0
10.519 16.723 19.021 28.0
10.569 16.789637041404724 19.024571374080836 28.0
10.618 16.830804981034685 18.979843660721553 26.0
10.669 16.827 18.9085 26.0
10.718 16.881712114184733 18.92239548708887 26.0
10.767999999999999 16.918261429729505 18.883925407971038 25.0
10.818 16.935499999999998 18.784 26.0
10.868 16.9515 18.765500000000003 26.0
10.918 17.013 18.710500000000003 17.0
11.017999999999999 17.094 18.6375 28.0
11.118 17.175 18.562 30.0
11.218 17.20271463735694 18.47440348821915 26.0
11.267999999999999 17.258 18.488 26.0
11.318 17.306627089433583 18.377267637191203 30.0
11.418 17.3965 18.367 30.0
11.468 17.383439781323744 18.306936028368675 30.0
11.517999999999999 17.46963989238759 18.231314282178776 26.0
11.618 17.584 18.198500000000003 23.0
11.718 17.641000000000002 18.155 18.0
11.767999999999999 17.634400504674343 18.093471984743157 23.0
11.817 17.7255 18.084 26.0
11.867 17.75 18.058999999999997 26.0
11.917 17.77215158371041 17.91162443438914 21.0
12.017000000000001 17.835107382632323 17.861351671175836 25.0
12.067 17.886458346754903 17.878844564187414 25.0
12.117 17.94756657938018 17.762607102227516 24.0
12.217 18.0995 17.764000000000003 26.0
12.317 18.130891340350434 17.676463814619307 26.0
12.367 18.1875 17.6935 26.0
12.417 18.18418817681765 17.568891485735488 23.0
12.467 18.197861267896894 17.553246817181034 23.0
12.517000000000001 18.260844479950894 17.499792312984756 21.0
12.567 18.2855623255561 17.478383131753723 21.0
12.617 18.37159910676249 17.47199892195472 23.0
12.667 18.397130758759005 17.447685330009513 23.0
12.717 18.40719886584114 17.365396859743967 25.0
12.765999999999998 18.473997957156612 17.374671900681417 25.0
12.815999999999999 18.555999999999997 17.372 20.0
12.867 18.511289321881353 17.275289321881342 21.0
12.915999999999999 18.59669657313779 17.264658062858047 21.0
12.967 18.658 17.279 22.0
13.015999999999998 18.667449870139407 17.1983405309071 23.0
13.065999999999999 18.69555723457972 17.172286396586227 23.0
13.116 18.703816670559853 17.09129330270172 25.0
13.165999999999999 18.77435014485617 17.098495742259065 25.0
13.216 18.795228313702154 17.01311299448343 25.0
13.265999999999998 18.893 17.058500000000002 21.0
13.315999999999999 18.894551763418875 16.989835292687644 21.0
13.366 18.978 16.981 24.0
13.415999999999999 18.975297812380152 16.852831368182123 24.0
13.466 19.034771445005763 16.866089505855367 19.0
13.515999999999998 19.072265247622273 16.83595655952785 19.0
13.565999999999999 19.12709542084954 16.78371880744133 26.0
13.616 19.191000000000003 16.7935 26.0
13.665999999999999 19.245 16.744999999999997 19.0
13.716 19.24421061886581 16.67869293493582 28.0
13.765999999999998 19.299965014118822 16.626871872337396 28.0
13.815999999999999 19.331989453549184 16.596319588398334 28.0
13.866 19.389438867701625 16.541367907142615 28.0
13.915 19.456 16.546 17.0
13.966 19.478781673867328 16.456043091783886 30.0
14.015 19.5445 16.4625 21.0
14.065 19.56562781049577 16.372168025463544 32.0
14.116 19.598201335738057 16.340596616237676 32.0
14.165 19.654630758759 16.28718533000951 26.0
14.215 19.685719432057947 16.25707908556804 26.0
14.265 19.70893002823764 16.167243744674796 25.0
14.315 19.775894720360913 16.173977234295926 25.0
14.365 19.8655 16.1575 25.0
14.415 19.8955 16.128 25.0
14.465 19.889130758759 16.065185330009513 22.0
14.515 19.920667767255754 15.969612819206407 25.0
14.565 20.044 15.99 27.0
14.615 20.058999999999997 15.972 27.0
14.665 20.10125347307911 15.86921554586051 33.0
14.715 20.152 15.8915 33.0
14.765 20.187562526904273 15.788750028320282 15.0
14.815 20.200181841377393 15.773792403353426 33.0
14.865 20.27561757899522 15.708903034112026 33.0
14.915 20.326999999999998 15.732999999999999 16.0
14.965 20.3935 15.6675 35.0
15.015 20.371008107231745 15.617418918145656 35.0
15.065 20.48 15.592000000000002 36.0
15.115 20.4955 15.579500000000001 36.0
15.165 20.527050227471612 15.47874369425942 31.0
15.215 20.5745 15.4995 31.0
15.265 20.611049115767244 15.395762773621847 26.0
15.315 20.62464466094067 15.382144660940671 26.0
15.364 20.685180348980573 15.318136022497002 26.0
15.414000000000001 20.71 15.2845 25.0
15.464 20.791 15.273 25.0
15.514000000000001 20.8 15.2595 33.0
15.564 20.899216419880517 15.231493714525241 33.0
15.664000000000001 20.9315 15.1155 28.0
15.764000000000001 21.032873985211747 15.061494767639722 29.0
15.864 21.13599161814176 14.997788809973077 24.0
15.964 21.198515311848823 14.924384835580103 24.0
16.064 21.26576105968386 14.822626778054694 23.0
16.164 21.408574477839856 14.767922594595664 26.0
16.264 21.503606797749978 14.689803398874993 26.0
16.364 21.501304805375902 14.604318873789222 26.0
16.463 21.509560675834027 14.474212951710857 30.0
16.563 21.628629788381684 14.40904038095653 25.0
16.613 21.57951979724563 14.419458048514088 30.0
16.663 21.606913727843953 14.302316552913902 30.0
16.713 21.610115384615384 14.31642307692307 30.0
16.762999999999998 21.736270290806452 14.22446416440393 33.0
16.863 21.73473427936663 14.262477507323101 33.0
16.964000000000002 21.73614516892274 14.11352903378454 34.0
17.012999999999998 21.74029866769043 14.109966188401689 34.0
17.063 21.81240266095622 13.989391080921358 44.0
17.163 21.80836305154608 13.876756433814469 29.0
17.213 21.81016412624888 13.95440061383193 44.0
17.262999999999998 21.82289339018849 13.807497157071687 29.0
17.363 21.807786285613993 13.696887761323557 29.0
17.413 21.816457708579698 13.790562104464403 37.0
17.462 21.83039831036562 13.677186573547072 29.0
17.512999999999998 21.823827073540897 13.30934048738196 40.0
17.563 21.80495718429226 13.52708366163079 30.0
17.613 21.818666720534395 13.600752257347837 29.0
17.662 21.816625701663344 13.49751871491685 34.0
17.712 21.832701635039427 13.358643808595724 40.0
17.762999999999998 21.823622490203473 13.326778305808094 40.0
17.812 21.841261588399753 13.442001587452047 34.0
17.862000000000002 21.836122417296487 13.295795268601154 29.0
17.912 21.799271691359973 13.079803778462285 33.0
17.962 21.73769318196014 13.167361696164827 30.0
18.012 21.732231367632114 13.138908190640311 30.0
18.062 21.718252851170405 13.086261430173792 33.0
18.112000000000002 21.611357930008136 12.9914891961843 39.0
18.162 21.66761937085138 12.98354983030302 39.0
18.212 21.62380659297998 12.985646131067918 39.0
18.262 21.6038809869102 12.915819718025663 39.0
18.312 21.531914011250652 12.870254777717108 27.0
18.362000000000002 21.525169121240623 12.852204184138238 27.0
18.412 21.527226178353132 12.741444037061989 41.0
18.462 21.505408843784526 12.688485749985471 21.0
18.512 21.40236559898863 12.69810861487384 34.0
18.562 21.439456716117675 12.654956447875287 34.0
18.612000000000002 21.343379760986675 12.5834583603188 34.0
18.662 21.336893953909037 12.490196161247894 31.0
18.712 21.3455478889773 12.492854297537875 31.0
18.762 21.318146396716106 12.442516132218149 31.0
18.812 21.20984766908853 12.433860932364588 20.0
18.862000000000002 21.21895504957781 12.35022161672888 36.0
18.912 21.207285460294756 12.322340018255288 36.0
18.961 21.102275003950908 12.34010986602971 29.0
19.012 21.057686673560337 12.277438090314046 27.0
19.062 21.03096444814145 12.245054949848626 27.0
19.111 21.016221359549995 12.212639320225001 27.0
19.160999999999998 21.004870465934193 12.197281808058513 23.0
19.211 20.930500000000002 12.1625 29.0
19.261 20.9205 12.1475 29.0
19.311 20.8905 12.097 29.0
19.362000000000002 20.8815 12.084 29.0
19.410999999999998 20.845999999999997 12.035 29.0
19.461 20.829 12.0215 29.0
19.511 20.805500000000002 11.984 26.0
19.561 20.796999999999997 11.974 26.0
19.611 20.762 11.929 26.0
19.660999999999998 20.7915 11.885000000000002 30.0
19.711 20.7175 11.870999999999999 30.0
19.761 20.7065 11.858 30.0
19.811 20.665 11.808 26.0
19.861 20.653 11.7945 30.0
19.910999999999998 20.613 11.747 30.0
19.961 20.6005 11.734000000000002 30.0
20.011 20.646517087333695 11.702067607773284 30.0
20.061 20.5505 11.6465 31.0
20.111 20.5045 11.595 16.0
20.160999999999998 20.4975 11.586500000000001 31.0
20.211 20.435000000000002 11.5215 31.0
20.31 20.40256919265343 11.413401698742073 23.0
20.410999999999998 20.261755422605873 11.393337576827467 25.0
20.51 20.26 11.3155 25.0
20.56 20.229 11.2785 21.0
20.61 20.182499999999997 11.2325 19.0
20.66 20.110889325829703 11.232098322422658 19.0
20.71 20.07075664260902 11.176982388247193 27.0
20.76 20.08 11.1115 27.0
20.81 19.99719156587686 11.092218837221946 23.0
20.86 19.997500000000002 11.025500000000001 23.0
20.91 19.886498921954722 10.969900893237515 19.0
21.01 19.8455 10.850999999999999 18.0
21.11 19.7785 10.762 21.0
21.21 19.735500000000002 10.709 21.0
21.26 19.66685636569429 10.70954906220399 19.0
21.31 19.583733424248383 10.689764278122684 20.0
21.36 19.594038403974047 10.618173117218168 20.0
21.41 19.593000000000004 10.539 21.0
21.46 19.563000000000002 10.5075 21.0
21.509 19.497999999999998 10.4155 21.0
21.609 19.458 10.3625 16.0
21.659000000000002 19.39317720053332 10.351811002418273 27.0
21.709 19.291926057824163 10.283058770558894 19.0
21.809 19.298109679034965 10.205274670308732 19.0
21.859 19.38625408420731 10.076503492432344 19.0
21.909000000000002 19.12470986772633 10.12255301898451 20.0
22.009 19.178555154552296 10.019927922637251 19.0
22.059 19.2035 9.9555 17.0
22.109 19.070255130502574 9.911111885007209 22.0
22.21 19.18003426024663 9.796268971332447 16.0
22.259 19.108 9.7835 16.0
22.309 19.180531592324964 9.694824083794959 20.0
22.359 19.119957251500896 9.680304035071043 20.0
22.409000000000002 19.10643416490253 9.639188611699158 20.0
22.459 18.856499999999993 9.674999999999983 17.0
22.509 18.970730586821 9.554681119616456 21.0
22.609 18.955174490591077 9.509133696389403 21.0
22.659000000000002 18.89579240136922 9.510341810587478 18.0
22.709 18.873191028022863 9.425312455564374 16.0
22.759 18.818301031565873 9.410053861607821 16.0
22.809 18.759606465103765 9.36268372851569 23.0
22.858 18.75463694429274 9.308949044456579 23.0
22.908 18.75258315816575 9.246766831975986 24.0
22.958000000000002 18.799133609386907 9.26865863753532 24.0
23.008000000000003 18.775433894171766 9.18362759481968 30.0
23.058000000000003 18.76764934352199 9.1704577074435 30.0
23.108 18.754554754518978 9.061052574202188 20.0
23.158 18.798961020694847 9.033531428521876 20.0
23.208000000000002 18.89 8.9565 26.0
23.258000000000003 18.8945 8.9185 26.0
23.308000000000003 18.894 8.9015 26.0
23.358 19.049249245142832 8.815169693139858 18.0
23.408 18.896 8.7375 27.0
23.458000000000002 18.94698892334953 8.691052398386303 19.0
23.508000000000003 18.909 8.633 19.0
23.558000000000003 18.857036941268497 8.582921656105057 27.0
23.608 18.860047882539128 8.510312316023612 27.0
23.708000000000002 18.879853710999345 8.442339817136151 23.0
23.758000000000003 18.9515 8.368 33.0
23.808000000000003 18.962 8.3045 33.0
23.858 18.974 8.2675 32.0
23.908 18.9755 8.258 32.0
23.958000000000002 19.006999999999998 8.1695 32.0
24.008000000000003 19.02 8.118500000000001 32.0
24.057 19.088513257334395 8.102817730730813 32.0
24.108 19.048499999999997 8.069 19.0
24.156999999999996 19.102 7.993500000000001 21.0
24.206999999999997 19.107 7.987 21.0
24.258000000000003 19.23592079616632 7.964313477220122 22.0
24.307 19.24244271910001 7.95172135954995 22.0
24.357 19.201999999999998 7.837 22.0
24.406999999999996 19.2055 7.830500000000001 22.0
24.456999999999997 19.33934480673438 7.821510132913348 20.0
24.506999999999998 19.350377890089838 7.804387102552434 20.0
24.557 19.429283767374123 7.802818810335957 20.0
24.607 19.4895 7.809000000000001 20.0
24.656999999999996 19.501798370095315 7.7193029975827 21.0
24.706999999999997 19.52156683513475 7.690580653828652 28.0
24.756999999999998 19.525360540790196 7.624550715164151 28.0
24.857 19.635970546037093 7.579012151258091 26.0
24.956999999999997 19.679377971415832 7.526137031700788 26.0
25.006999999999998 19.681951885797133 7.536503327877293 26.0
25.057 19.72391632506821 7.355761512933994 30.0
25.156 19.762897902417045 7.304635649697982 30.0
25.206999999999997 19.828439106108377 7.320917614146633 14.0
25.256 19.9245516774198 7.221820448295355 19.0
25.355999999999998 19.901 7.108 29.0
25.406 19.974652749769565 7.118320971435972 29.0
25.456 20.06783318802394 7.028869890048464 23.0
25.555999999999997 20.114933471164512 6.989974061643989 21.0
25.605999999999998 20.130499999999998 6.9205000000000005 21.0
25.656 20.21100106993161 6.907671214404058 19.0
25.706 20.219 6.8415 21.0
25.756 20.2715 6.8004999999999995 21.0
25.805999999999997 20.316000000000003 6.77 18.0
25.855999999999998 20.429622974715045 6.797295963381146 22.0
25.906 20.432191199951603 6.735594012432696 22.0
25.956 20.46 6.6465000000000005 18.0
26.006 20.506500000000003 6.6145000000000005 24.0
26.055999999999997 20.584963030579214 6.605237018173104 24.0
26.105999999999998 20.6518823999032 6.619688024865386 20.0
26.155 20.645000000000003 6.494 18.0
26.206 20.692999999999998 6.4635 18.0
26.255 20.702258298720743 6.382535292226812 17.0
26.305 20.7825 6.3865 17.0
26.355 20.836 6.3365 17.0
26.405 20.8855 6.3075 17.0
26.455 20.9725 6.2330000000000005 18.0
26.555 21.067500000000003 6.1579999999999995 17.0
26.655 21.217187684352734 6.165911836266971 18.0
26.755 21.2843054975871 6.109582001671905 18.0
26.805 21.253500000000003 6.0075 17.0
26.855 21.3405 5.941 20.0
26.955 21.3465 5.9365000000000006 20.0
27.005 21.445 5.8580000000000005 20.0
27.055 21.488999999999997 5.826499999999999 20.0
27.105 21.5325 5.7909999999999995 23.0
27.155 21.538500000000003 5.7865 23.0
27.205 21.57243715714312 5.701961432676894 23.0
27.255 21.7395 5.641 25.0
27.355 21.744500000000002 5.6375 25.0
27.404 21.8565 5.558999999999999 26.0
27.454 21.9075 5.525 17.0
27.504 21.951500000000003 5.49 22.0
27.554000000000002 21.956000000000003 5.4865 22.0
27.604 22.047673558855646 5.362797903790032 23.0
27.654 22.084 5.398 23.0
27.704 22.180999999999997 5.330500000000001 27.0
27.754 22.185500000000005 5.326499999999999 27.0
27.804000000000002 22.296499999999998 5.24 23.0
27.854 22.302500000000002 5.234999999999999 19.0
27.904 22.398 5.1665 26.0
27.954 22.369074769606563 5.125371165264664 26.0
28.004 22.5155 5.076499999999999 30.0
28.054000000000002 22.5215 5.072 30.0
28.104 22.581010546613676 4.966622133055646 23.0
28.154 22.60363435585132 4.891895208916296 25.0
28.204 22.691665505306773 4.894133242305308 25.0
28.254 22.69283811048713 4.892802135039838 25.0
28.304000000000002 22.777850511299498 4.823291992236792 27.0
28.354 22.828834953831223 4.790703719870217 34.0
28.404 22.891287629869108 4.751233591565045 34.0
28.454 22.89665622539035 4.74781692561339 34.0
28.504 22.981938090314046 4.686813326439663 35.0
28.554000000000002 23.03483805855251 4.656505303265335 24.0
28.604 23.051124489206018 4.581406784262587 28.0
28.654 23.058529980377422 4.576294970566254 28.0
28.704 23.118956072897163 4.464344453469962 28.0
28.754 23.19070983717446 4.4239628873749535 28.0
28.803 23.279695102100767 4.478116522938956 22.0
28.854 23.294834918565392 4.359181159606169 20.0
28.903000000000002 23.33572404211951 4.381616774862303 37.0
28.954 23.4495 4.4375 20.0
29.003 23.413904773982892 4.277326719192022 37.0
29.053 23.409972340050345 4.280266808060384 37.0
29.103 23.623930945948516 4.366284559087893 27.0
29.153000000000002 23.637 4.3125 27.0
29.203000000000003 23.630855249892424 4.1908714998607834 31.0
29.253 23.632030495244543 4.18991311905571 31.0
29.303 23.68177338540018 4.152795688965959 31.0
29.353 23.79662854294961 4.067817241358993 25.0
29.403000000000002 23.833498896800915 4.094983214007519 32.0
29.503 23.956863460703158 4.085439654902974 33.0
29.603 24.063405072090124 4.053027789219013 32.0
29.653000000000002 24.079 4.050999999999999 32.0
29.703000000000003 24.14599752495052 3.981423323133212 25.0
29.803 24.24442435242217 3.9631472117088595 30.0
29.853 24.2635 3.961499999999999 30.0
29.903000000000002 24.3605 4.0415 22.0
30.003 24.454 4.025499999999999 25.0
30.053 24.455 4.025499999999999 25.0
30.103 24.54820222922533 3.974006364787196 24.0
30.203000000000003 24.637740862738777 4.126946876010772 28.0
30.252 24.6425 4.127000000000001 28.0
30.302 24.740000000000002 4.0295000000000005 24.0
30.401999999999997 24.8405 4.0205 26.0
30.451999999999998 24.8425 4.0215 26.0
30.502 24.891000000000002 4.0169999999999995 26.0
30.552 24.9355 4.0385 27.0
30.601999999999997 25.026 4.061 27.0
30.651999999999997 25.0285 4.0625 27.0
30.701999999999998 25.1185 4.086 43.0
30.802 25.23 4.1015 31.0
30.851999999999997 25.232 4.103 31.0
30.901999999999997 25.325499999999998 4.139 32.0
31.002 25.395998910341977 4.224325281368387 30.0
31.052 25.387999999999987 4.219999999999992 30.0
31.101999999999997 25.49473957897387 4.269986315731413 34.0
31.201999999999998 25.57936586737505 4.316789766412274 37.0
31.252 25.563897485283118 4.303735009811284 37.0
31.301 25.627870343964215 4.421357551269008 23.0
31.401 25.771 4.4005 23.0
31.451 25.7725 4.4035 23.0
31.500999999999998 25.771972858648105 4.549315712877574 29.0
31.601 25.857333754480592 4.621698715347412 25.0
31.651 25.84029497056624 4.603470019622568 25.0
31.701 25.89006874288667 4.7395687893364205 22.0
31.750999999999998 25.898433982821828 4.7485660171777955 22.0
31.801 26.0785 4.709 24.0
31.851 26.0805 4.7125 24.0
31.901 26.061908148740734 4.781489804078236 24.0
31.951 26.076514331461407 4.927093594880496 33.0
32.001 26.068025147605603 4.931876817140254 33.0
32.051 26.176183248537562 5.017509436967508 28.0
32.101 26.298064231673774 5.019071114219487 27.0
32.150999999999996 26.292278640450068 5.076442719100024 27.0
32.201 26.339407756537078 5.133801575974028 19.0
32.251 26.29659716739359 5.161091092027289 24.0
32.301 26.35331246767482 5.3002031538617675 25.0
32.351 26.39305996075493 5.334410058867555 25.0
32.400999999999996 26.497807128971434 5.313849745794858 20.0
32.45 26.368487426415548 5.391675049056307 25.0
32.501 26.574664656188567 5.414876130152326 24.0
32.55 26.58378932188147 5.425210678118779 24.0
32.6 26.602581522457328 5.5268048800517615 28.0
32.65 26.591763528681305 5.51242084075349 22.0
32.7 26.672178715732144 5.623394416404329 19.0
32.75 26.68355996075493 5.701910058867555 24.0
32.8 26.66420379456649 5.768952669399233 24.0
32.85 26.686244219820342 5.714774205104856 24.0
32.9 26.890950085386482 5.743752425964977 22.0
32.95 26.893897485283105 5.748235009811252 22.0
33.0 26.84448244972426 5.922376956440805 25.0
33.05 26.868647058823544 5.871088235294138 21.0
33.1 26.89562955652473 5.990788122702982 25.0
33.15 26.99006772081156 5.966228539421898 22.0
33.2 26.987654880153958 6.109821592029913 17.0
33.25 27.1495 6.007 18.0
33.3 27.07777841735751 6.161703796279395 21.0
33.35 27.054515156840267 6.219683275232599 27.0
33.4 27.129904850663507 6.300171108828714 26.0
33.45 27.1242363487822 6.303429924587712 26.0
33.5 27.178869957223053 6.376305211418007 26.0
33.55 27.366 6.3045 22.0
33.6 27.268292655042323 6.48861484117616 24.0
33.65 27.26789481487132 6.494600761567661 24.0
33.7 27.379946330733933 6.541076112667297 23.0
33.75 27.39303925062165 6.561704549544136 23.0
33.8 27.453488699964076 6.622560631744993 25.0
33.849000000000004 27.473644104859602 6.648380224532266 25.0
33.9 27.539061516438686 6.708243853360562 25.0
33.949 27.565964641426156 6.741105312798462 25.0
34.0 27.723 6.682 16.0
34.049 27.645580976256046 6.819067664905092 19.0
34.149 27.744186077810962 6.905788890469491 27.0
34.249 27.924 6.866 15.0
34.349000000000004 27.88294274840624 7.098420528550225 25.0
34.449 28.001114238140847 7.131851292462151 23.0
34.549 28.186999999999998 7.092 21.0
34.649 28.17662089149682 7.271590573546275 23.0
34.749 28.377319869630387 7.169998824154636 23.0
34.848 28.392085787136086 7.30879772821684 18.0
34.899 28.374812450780688 7.357366148773213 18.0
34.948 28.42087601132083 7.442952566313721 28.0
35.048 28.48967573616507 7.478778733140663 28.0
35.098 28.49741796067497 7.48266407864997 28.0
35.148 28.628 7.377 23.0
35.248000000000005 28.641557454024348 7.503335645960979 21.0
35.298 28.700499999999998 7.4215 25.0
35.348 28.763999999999996 7.4425 25.0
35.448 28.820500000000003 7.4559999999999995 26.0
35.498000000000005 28.829 7.4595 26.0
35.548 28.902500000000003 7.4765 27.0
35.648 28.96 7.4845 27.0
35.698 28.967 7.486 27.0
35.748000000000005 29.037 7.497 26.0
35.848 29.101 7.542 24.0
35.898 29.111 7.542999999999999 24.0
35.948 29.185499999999998 7.547000000000001 24.0
35.998000000000005 29.192999999999998 7.547499999999999 24.0
36.048 29.261499999999998 7.497499999999999 27.0
36.098 29.27183482494424 7.49814727572492 27.0
36.148 29.345822573931937 7.498501040550245 21.0
36.247 29.44297211278974 7.4723476052359175 27.0
36.297 29.423499999999997 7.468499999999999 27.0
36.347 29.505499999999998 7.559000000000001 29.0
36.397 29.5105 7.5585 29.0
36.446999999999996 29.5835 7.545 29.0
36.497 29.588500000000003 7.544 29.0
36.547 29.66 7.5265 26.0
36.597 29.665 7.5275 26.0
36.647 29.735 7.5265 25.0
36.747 29.748583664921448 7.360524899315283 25.0
36.797 29.76488712267439 7.355133148691703 25.0
36.847 29.884500000000003 7.466000000000001 22.0
36.946999999999996 29.942999999999998 7.436 23.0
36.997 29.9535 7.434 23.0
37.047 30.0225 7.4195 26.0
37.146 30.029413535437083 7.298136071966338 30.0
37.196999999999996 30.0269208626544 7.298574339763471 30.0
37.246 30.092311448432465 7.241600966896389 30.0
37.346 30.21106356991848 7.33827810018556 28.0
37.396 30.256493349491425 7.313589859264404 28.0
37.446 30.284329868698133 7.195918390662485 25.0
37.496 30.277168823351822 7.197649342372509 25.0
37.546 30.306411504323258 7.099684672461601 27.0
37.596 30.308289321881347 7.097789321881345 27.0
37.646 30.388160056812985 7.037509185974043 27.0
37.696 30.383298684745007 7.040337646703639 27.0
37.746 30.44638101217715 6.978202541793566 27.0
37.796 30.48219874280191 6.953997781415139 27.0
37.846 30.582188046163964 6.957767061952134 24.0
37.896 30.579144660940678 6.957644660940671 24.0
37.946 30.643812501150517 6.89701418190013 28.0
37.996 30.663707653791324 6.88184509858831 28.0
38.046 30.71032862381579 6.781781251537227 28.0
38.096 30.71814953921315 6.774742330529312 28.0
38.146 30.7864604313272 6.782037169881736 28.0
38.196 30.8785 6.768000000000001 25.0
38.246 30.885293116853553 6.639546297976997 25.0
38.296 30.894427537148246 6.630284585979935 25.0
38.346 31.000500000000002 6.6695 33.0
38.396 31.046 6.628 33.0
38.446 31.064742833456418 6.486958494782476 28.0
38.495 31.07793851530417 6.4748704565531465 28.0
38.545 31.221 6.4805 32.0
38.595 31.237499999999997 6.468500000000001 32.0
38.645 31.272999999999996 6.4445 32.0
38.696 31.221795742866842 6.2933696785835425 26.0
38.745 31.228381293981617 6.287611509645201 26.0
38.795 31.41 6.3265 21.0
38.895 31.373747210532496 6.162125472606535 26.0
38.945 31.381972340050332 6.155266808060395 26.0
38.995 31.452708986104525 6.090909174465571 36.0
39.095 31.507246647162592 5.987572559239032 32.0
39.195 31.59043398282202 5.971933982822016 32.0
39.295 31.612215816122372 5.875114745858452 32.0
39.395 31.675251205153565 5.808512591137736 32.0
39.495 31.782803204141647 5.780678490262111 32.0
39.545 31.787187580712803 5.7762500849608305 32.0
39.595 31.777943588902055 5.702752080064686 32.0
39.645 31.86637149986079 5.751855249892417 20.0
39.695 31.89910592038146 5.696962982732456 17.0
39.745 31.92323581428524 5.668377735403257 27.0
39.794000000000004 31.95979696743415 5.616949000561574 27.0
39.844 31.967397551889825 5.606198265921973 27.0
39.894 31.9409435979356 5.481760970226196 27.0
39.944 31.991613495793963 5.4997243088197205 27.0
39.994 31.973563244915034 5.427334681761112 27.0
40.044000000000004 32.11579770877692 5.486464852781717 18.0
40.094 32.1077784854564 5.395490252175456 26.0
40.144 32.12358238585336 5.372560893891629 26.0
40.194 32.159647566986266 5.304230239548783 26.0
40.294000000000004 32.277 5.2955 28.0
40.344 32.284 5.285 28.0
40.394 32.181830757879624 5.139308730650924 28.0
40.494 32.15260550740582 5.060964250632736 25.0
40.544000000000004 32.31018863285965 5.079833158767908 25.0
40.594 32.382 5.022 25.0
40.694 32.265851031006704 4.910259599956894 24.0
40.743 32.27751227307519 4.886615098995751 23.0
40.793 32.423500000000004 4.8835 23.0
40.844 32.4315 4.867000000000001 23.0
40.893 32.445 4.791 26.0
40.944 32.450500000000005 4.7775 26.0
40.993 32.4585 4.718500000000001 26.0
41.043 32.4665 4.6995000000000005 28.0
41.093 32.480000000000004 4.646 28.0
41.143 32.4845 4.631 28.0
41.193999999999996 32.28552731494123 4.56719466636265 24.0
41.243 32.290397593249786 4.523624623945304 24.0
41.293 32.2861321004108 4.5067679236214335 24.0
41.343 32.487 4.4795 20.0
41.393 32.4835 4.42 20.0
41.443000000000005 32.485 4.402 20.0
41.493 32.52780968587478 4.317641652485958 18.0
41.593 32.4705 4.2665 19.0
41.643 32.4705 4.246 19.0
41.693000000000005 32.463499999999996 4.170999999999999 20.0
41.793 32.447 4.104 20.0
41.843 32.445499999999996 4.0915 19.0
41.893 32.28095152247458 4.0557222339424985 22.0
41.943000000000005 32.292876061143126 4.087174363314128 22.0
41.993 32.20715330373023 4.000903638186995 22.0
42.042 32.3945 3.92 21.0
42.093 32.51348382692685 3.8041203256397305 20.0
42.141999999999996 32.3645 3.83 17.0
42.192 32.3335 3.763 31.0
42.242 32.3285 3.7489999999999997 31.0
42.292 32.16024094093389 3.7513214310643974 20.0
42.342 32.18949760210105 3.6936862065125107 27.0
42.391999999999996 32.28912691253148 3.5793546062274126 28.0
42.442 32.234 3.5585 28.0
42.492 32.2075 3.525 28.0
42.542 32.231284864319676 3.4463598052565074 24.0
42.592 32.207609609582185 3.409539501058487 24.0
42.641999999999996 32.144 3.3935 29.0
42.692 32.1085 3.348 29.0
42.742 32.0815 3.2845000000000004 24.0
42.792 32.06699999999999 3.2545 24.0
42.842 32.035 3.1950000000000003 23.0
42.891999999999996 31.9985 3.1605 23.0
42.942 31.974 3.1085000000000003 23.0
42.992 31.948999999999998 3.0845000000000002 27.0
43.042 31.87345367358928 3.054936465606329 29.0
43.092 31.896499999999996 3.0015 29.0
43.141999999999996 31.859 2.956 35.0
43.192 31.8365 2.9345 35.0
43.242 31.795499999999997 2.8775 34.0
43.292 31.772999999999996 2.856 34.0
43.342 31.728500000000004 2.8015 34.0
43.441 31.665 2.719 36.0
43.541000000000004 31.562052334128644 2.6708540957958125 29.0
43.641000000000005 31.493553709114206 2.5910588545254654 25.0
43.74100000000001 31.460500000000003 2.477 26.0
43.841 31.36554261976739 2.440953558575619 29.0
43.891000000000005 31.350147204242436 2.421344083161334 29.0
43.941 31.283102013571536 2.348242237589184 28.0
43.99100000000001 31.267999999999997 2.328500000000001 28.0
44.041000000000004 31.231499999999997 2.2035 26.0
44.141000000000005 31.147 2.1145 30.0
44.24100000000001 31.0845 2.0460000000000003 33.0
44.291000000000004 31.066499999999998 2.0295 33.0
44.341 30.9915 1.9585 26.0
44.391000000000005 30.9775 1.9409999999999998 26.0
44.441 30.87733529268764 1.9044482365811226 24.0
44.49100000000001 30.895 1.8525 26.0
44.541000000000004 30.8215 1.7805 20.0
44.591 30.76853716988173 1.7955395686727995 26.0
44.64 30.70661155988233 1.7236261567679927 26.0
44.691 30.7255 1.6735 17.0
44.74 30.653 1.6059999999999999 32.0
44.791000000000004 30.600037169881734 1.6210395686727992 32.0
44.84 30.557000000000002 1.5014999999999998 30.0
44.94 30.466499999999996 1.415 29.0
45.04 30.380499999999998 1.325 30.0
45.14 30.277444857251886 1.295637821041919 34.0
45.19 30.296499999999998 1.2414999999999998 34.0
45.24 30.20601346882563 1.219712671663769 34.0
45.291000000000004 30.17642402876305 1.1930493475717985 31.0
45.34 30.102679750021164 1.1253264944213976 31.0
45.39 30.1205 1.0695000000000001 24.0
45.44 30.01639000536743 1.0330842202114745 26.0
45.49 30.001292403353418 1.0203181586226062 26.0
45.54 29.9605 0.9179999999999999 25.0
45.59 29.906681841377395 0.9322075966465813 25.0
45.64 29.88 0.8315 29.0
45.69 29.862000000000002 0.812 29.0
45.74 29.79 0.7365 29.0
45.79 29.777 0.7205 29.0
45.84 29.728500000000004 0.658 24.0
45.89 29.6985 0.629 20.0
45.93899999999999 29.645 0.578 27.0
45.99 29.6175 0.5435000000000001 27.0
46.038999999999994 29.5685 0.48150000000000004 31.0
46.09 29.536499999999997 0.449 31.0
46.138999999999996 29.4815 0.39399999999999996 29.0
46.19 29.4565 0.35999999999999993 29.0
46.239 29.371948516192866 0.3282502506149823 21.0
46.288999999999994 29.381999999999998 0.26699999999999996 33.0
46.339 29.329500000000003 0.214 33.0
46.388999999999996 29.2627026940309 0.20876837355396238 19.0
46.43899999999999 29.255000000000003 0.12000000000000001 28.0
46.489 29.18705220780433 0.11968769288428908 21.0
46.54 29.173000000000002 0.03 27.0
46.589 29.10792834433621 0.026404220644624523 27.0
46.638999999999996 29.066000000000003 -0.029500000000002403 27.0
46.68899999999999 29.0745 -0.09299999999999997 27.0
46.739 28.98664560222708 -0.1116508657160406 32.0
46.788999999999994 28.993000000000002 -0.18250000000000002 32.0
46.839 28.946 -0.24049999999999996 17.0
46.888999999999996 28.876620529690737 -0.24119935656555114 24.0
46.93899999999999 28.822513468825637 -0.29728732833623106 24.0
46.989 28.7890066652923 -0.33870271819513575 26.0
47.038999999999994 28.7795 -0.429 27.0
47.089 28.748 -0.463 27.0
47.138000000000005 28.6965 -0.5165 24.0
47.188 28.6665 -0.5535 24.0
47.238 28.57877339362067 -0.5818732714568797 27.0
47.288999999999994 28.511289321881346 -0.5782893218813454 27.0
47.339 28.552 -0.6775 26.0
47.388000000000005 28.4935 -0.743 31.0
47.438 28.40522109437148 -0.7703328524130109 31.0
47.488 28.373153292818 -0.801143243334462 32.0
47.538000000000004 28.3795 -0.865 32.0
47.588 28.284424520333708 -0.8975138918960057 16.0
47.638000000000005 28.278 -0.9869999999999999 37.0
47.688 28.205099699026714 -0.9872147510281777 37.0
47.738 28.185000000000002 -1.076 30.0
47.788000000000004 28.112437838475667 -1.0840766772200092 30.0
47.838 28.085040481347406 -1.1170490152732269 30.0
47.888000000000005 28.027380710876674 -1.178955504643155 30.0
47.938 28.0355 -1.24 22.0
47.988 27.991500000000002 -1.288 32.0
48.038000000000004 27.934802135039835 -1.2783381104871352 32.0
48.088 27.867102013571536 -1.3522577624108125 33.0
48.138000000000005 27.846919601992525 -1.3739137200384897 33.0
48.188 27.814999999999998 -1.481 31.0
48.238 27.797 -1.5025 31.0
48.288000000000004 27.735500000000002 -1.5755 31.0
48.338 27.7125 -1.5995 31.0
48.387 27.643500000000003 -1.673 34.0
48.438 27.624499999999998 -1.6955 34.0
48.488 27.563499999999998 -1.769 32.0
48.537 27.5415 -1.7914999999999999 32.0
48.588 27.46 -1.887 41.0
48.687 27.364213704649394 -1.9328855709674406 36.0
48.736999999999995 27.3825 -1.9845000000000002 36.0
48.787 27.27810221789285 -2.0268125642227957 33.0
48.836999999999996 27.297 -2.0825 33.0
48.887 27.178591804023423 -2.149596938272711 41.0
48.986999999999995 27.156 -2.2535 27.0
49.037 27.099302135039828 -2.2438381104871348 37.0
49.086999999999996 27.00289428852972 -2.2879778494986263 37.0
49.137 27.060000000000002 -2.373 33.0
49.187 26.997 -2.444 36.0
49.236999999999995 26.9775 -2.4665 36.0
49.287 26.882566105907433 -2.504628804759952 37.0
49.336999999999996 26.866144660940673 -2.5206446609406745 37.0
49.387 26.783460255029514 -2.6144732298347106 35.0
49.486999999999995 26.724753207084778 -2.6863980057783614 35.0
49.536 26.7415 -2.7415 25.0
49.586999999999996 26.64135486219003 -2.780093411005269 38.0
49.637 26.659 -2.8365 32.0
49.68600000000001 26.5650121495869 -2.8736958865296307 27.0
49.736999999999995 26.581000000000003 -2.9275 28.0
49.786 26.518500000000003 -2.9965 28.0
49.836000000000006 26.4985 -3.0195000000000003 35.0
49.886 26.4435 -3.089 35.0
49.93600000000001 26.38624932689644 -3.073609729398436 22.0
49.986000000000004 26.356 -3.1765 38.0
50.036 26.297821547142053 -3.1671315624005105 25.0
50.086000000000006 26.2975 -3.2435 36.0
50.136 26.252499999999998 -3.291 36.0
50.18600000000001 26.189 -3.3625 29.0
50.236000000000004 26.1695 -3.3855000000000004 29.0
50.286 26.090228117993203 -3.408865973617639 32.0
50.336000000000006 26.0925 -3.4795 32.0
50.386 26.049 -3.5264999999999995 34.0
50.43600000000001 26.015 -3.5755 34.0
50.486000000000004 25.9775 -3.632 30.0
50.536 25.9335 -3.6740000000000004 30.0
50.586000000000006 25.884 -3.721 29.0
50.636 25.85 -3.7695000000000003 29.0
50.68600000000001 25.76985110151668 -3.7975963355601854 20.0
50.736000000000004 25.768500000000003 -3.8689999999999998 27.0
50.785 25.68475002832028 -3.884562526904264 26.0
50.836000000000006 25.687 -3.9680000000000004 26.0
50.885 25.5678936025293 -3.9651423643424195 29.0
50.935 25.537708958792344 -3.992372160682729 29.0
50.986000000000004 25.560499999999998 -4.1105 23.0
51.035 25.485544788822487 -4.128616741355283 30.0
51.085 25.44852890760185 -4.179638619240556 30.0
51.135 25.447499999999998 -4.251 25.0
51.185 25.366228928624196 -4.260069892911674 29.0
51.235 25.3685 -4.3375 26.0
51.285 25.333 -4.382 26.0
51.335 25.2895 -4.422 28.0
51.385 25.243 -4.464 28.0
51.435 25.17005709781718 -4.476271227369194 27.0
51.485 25.174500000000002 -4.552 29.0
51.535 25.133 -4.5915 29.0
51.585 25.07428116277805 -4.57619156587686 25.0
51.635 25.052 -4.677 23.0
51.685 25.035 -4.698 23.0
51.735 24.973000000000003 -4.7620000000000005 28.0
51.785 24.947499999999998 -4.784 28.0
51.835 24.8945 -4.849 26.0
51.885 24.881 -4.871 26.0
51.934 24.8185 -4.9345 24.0
51.983999999999995 24.7935 -4.957 28.0
52.035 24.7385 -5.023499999999999 24.0
52.083999999999996 24.680528153644737 -5.020069981026049 26.0
52.13399999999999 24.658 -5.1155 29.0
52.184 24.633 -5.137499999999999 29.0
52.235 24.5685 -5.215 31.0
52.284 24.545499999999997 -5.2465 31.0
52.333999999999996 24.482 -5.311 30.0
52.38399999999999 24.4575 -5.333 30.0
52.434 24.3925 -5.4110000000000005 37.0
52.483999999999995 24.3675 -5.446 37.0
52.534 24.306 -5.512 20.0
52.63399999999999 24.2215 -5.614 26.0
52.733999999999995 24.161499999999997 -5.6915 32.0
52.784 24.136 -5.7195 24.0
52.833999999999996 24.053000000000004 -5.821 30.0
52.934 23.996000000000002 -5.894 28.0
52.983999999999995 23.931838571442412 -5.8879534236589155 28.0
53.033 23.886499999999998 -6.019 31.0
53.133 23.807499999999997 -6.1114999999999995 22.0
53.233000000000004 23.752000000000002 -6.1705 33.0
53.284 23.731 -6.1975 33.0
53.333 23.678 -6.258 29.0
53.383 23.65 -6.2875 29.0
53.433 23.576999999999998 -6.3795 27.0
53.533 23.5285 -6.445500000000001 34.0
53.583 23.5045 -6.4735 34.0
53.633 23.4265 -6.5755 33.0
53.733000000000004 23.344499999999996 -6.6775 35.0
53.833 23.2895 -6.745 35.0
53.883 23.268500000000003 -6.774 35.0
53.933 23.17509752393496 -6.810089852658592 25.0
53.983000000000004 23.189499999999995 -6.8705 25.0
54.033 23.108 -6.969 29.0
54.132 23.051499999999997 -7.0375 30.0
54.183 23.0295 -7.0655 30.0
54.232 22.9725 -7.13 26.0
54.283 22.951 -7.16 26.0
54.332 22.893500000000003 -7.2235 29.0
54.383 22.868000000000002 -7.2515 29.0
54.431999999999995 22.77210669904764 -7.282252639438927 24.0
54.482 22.787 -7.346 26.0
54.532 22.7055 -7.4385 29.0
54.632 22.668 -7.476000000000001 24.0
54.681999999999995 22.634 -7.5245 28.0
54.732 22.5835 -7.5865 23.0
54.782 22.5595 -7.6165 29.0
54.832 22.5225 -7.657 29.0
54.882 22.443897485283102 -7.684764990188741 27.0
54.931999999999995 22.4585 -7.7540000000000004 22.0
54.982 22.409 -7.8065 22.0
55.032 22.3485 -7.8765 26.0
55.082 22.3305 -7.904 20.0
55.132 22.259188632859626 -7.919833158767926 25.0
55.181999999999995 22.21127152796767 -7.972622749212398 25.0
55.232 22.173064235391948 -8.013259160970748 26.0
55.282 22.176 -8.0995 26.0
55.332 22.153000000000002 -8.1355 21.0
55.382 22.066958702331085 -8.154371806894124 28.0
55.431999999999995 22.067 -8.2265 29.0
55.482 22.023 -8.2865 29.0
55.532 21.991500000000002 -8.33 30.0
55.582 21.942 -8.384 30.0
55.632 21.907000000000004 -8.422 18.0
55.681999999999995 21.858 -8.4845 36.0
55.732 21.8375 -8.509 22.0
55.782 21.7745 -8.58 28.0
55.832 21.703913921454003 -8.582419817244825 28.0
55.881 21.6905 -8.6765 26.0
55.931000000000004 21.656 -8.716000000000001 26.0
55.981 21.57335358595796 -8.733031448734405 28.0
56.031000000000006 21.578 -8.8015 30.0
56.081 21.5285 -8.8625 30.0
56.132 21.5065 -8.887 30.0
56.181000000000004 21.445999999999998 -8.9545 33.0
56.231 21.428 -8.971 33.0
56.281000000000006 21.3675 -9.0475 36.0
56.331 21.3345 -9.0885 36.0
56.381 21.2855 -9.141000000000002 32.0
56.431000000000004 21.231499999999997 -9.2005 28.0
56.481 21.2045 -9.2345 28.0
56.531000000000006 21.172 -9.274 28.0
56.581 21.1265 -9.3205 25.0
56.631 21.0965 -9.349499999999999 26.0
56.681000000000004 21.046 -9.4085 40.0
56.731 21.012999999999998 -9.445999999999998 40.0
56.781000000000006 20.99835533905933 -9.531355339059326 39.0
56.831 20.909 -9.552 39.0
56.881 20.718711840762925 -9.479925965464904 21.0
56.931000000000004 20.842 -9.638 36.0
56.981 20.817999999999998 -9.664 36.0
57.031000000000006 20.79 -9.6905 15.0
57.081 20.7405 -9.734 41.0
57.13 20.71 -9.756499999999999 41.0
57.18 20.6655 -9.801 35.0
57.28 20.628 -9.845500000000001 35.0
57.33 20.626364343124887 -9.910336907904272 17.0
57.38 20.557000000000002 -9.905 37.0
57.43 20.5285 -9.934 37.0
57.48 20.518349137720957 -10.001686483104027 23.0
57.53 20.492479174913846 -10.02284664138305 30.0
57.58 20.422 -10.0045 30.0
57.63 20.430172408030472 -10.067535400744212 30.0
57.68 20.399638686568814 -10.10147712592119 30.0
57.73 20.36089812204004 -10.131576206138785 30.0
57.78 20.32382618352028 -10.159129774190923 30.0
57.83 20.302290057324857 -10.179889448589638 30.0
57.88 20.251815832379812 -10.207990873140638 36.0
57.93 20.235297112073315 -10.223669314268452 36.0
57.98 20.187731057367557 -10.311579773916707 31.0
58.07899999999999 20.1475916376163 -10.336742421579865 31.0
58.129 20.10416188951286 -10.30869786496017 31.0
58.18 20.0055 -10.308 34.0
58.278999999999996 19.98380615139806 -10.420136644023422 33.0
58.32899999999999 19.994323779025734 -10.42039572992033 33.0
58.379 19.872556172079417 -10.418316458878454 26.0
58.479 19.849703784732515 -10.534669237614938 35.0
58.528999999999996 19.850540827918746 -10.535952887285433 35.0
58.57899999999999 19.7260628648983 -10.526715079106243 33.0
58.678999999999995 19.6554007438042 -10.636507438041999 29.0
58.729 19.71471169054901 -10.623779381790815 26.0
58.778999999999996 19.563168900520424 -10.714751817482629 30.0
58.879 19.564722929431213 -10.7221819174522 30.0
58.928999999999995 19.52255694150421 -10.737170824512628 30.0
58.979 19.361 -10.517 24.0
59.07899999999999 19.271147687371702 -10.808349981835157 27.0
59.129 19.30257576082244 -10.665841321314389 24.0
59.178999999999995 19.17986791497761 -10.717405971729905 23.0
59.278 19.140715481080868 -10.714115900542819 23.0
59.32899999999999 19.218236541266425 -10.815855893610308 27.0
59.378 19.041392691493474 -10.844700117077469 23.0
59.478 18.955992693360567 -10.630547469118163 28.0
59.528 18.93594138161963 -10.635981153411066 28.0
59.578 18.891857864376263 -10.630994949366116 31.0
59.628 18.84524285759686 -10.626522852511998 31.0
59.678000000000004 18.751824465671696 -10.700718332700005 28.0
59.728 18.76652154185441 -10.712640969093156 28.0
59.778 18.72671267835837 -10.542245911119103 24.0
59.828 18.706500000000002 -10.748000000000001 28.0
59.878 18.650119656244534 -10.638521375021792 24.0
59.928000000000004 18.625818540282182 -10.60167502218318 24.0
59.978 18.51662664770786 -10.642547945247244 32.0
60.078 18.482149461533986 -10.5176116610637 27.0
60.178000000000004 18.408739257785136 -10.506935847486279 27.0
60.228 18.37012535371437 -10.473724787771374 25.0
60.278 18.389499999999998 -10.4265 25.0
60.327 18.3495 -10.417000000000002 25.0
60.378 18.29 -10.3835 27.0
60.477 18.161454820510286 -10.461502479639801 29.0
60.527 18.2705 -10.3695 27.0
60.577 18.175947306067506 -10.41478838780645 29.0
60.626999999999995 18.142169715532024 -10.413922476374658 29.0
60.677 18.16 -10.305 28.0
60.727 18.083057956798676 -10.31429634272202 27.0
60.777 18.070999999999998 -10.233999999999998 28.0
60.827 18.046 -10.221999999999998 28.0
60.876999999999995 18.0365 -10.209999999999999 28.0
60.927 17.9935 -10.178 35.0
60.977 17.9675 -10.1435 35.0
61.027 17.930999999999997 -10.121500000000001 35.0
61.077 17.9195 -10.1095 35.0
61.126999999999995 17.8475 -10.053 25.0
61.177 17.776646080335407 -10.053849745940724 30.0
61.227 17.737249731037508 -10.027754361024588 30.0
61.277 17.720286531798934 -10.012924274696406 30.0
61.327 17.669192017539473 -9.967290458624284 26.0
61.376999999999995 17.677 -9.897 26.0
61.426 17.6345 -9.855 26.0
61.477 17.624 -9.8445 26.0
61.527 17.489072426063174 -9.859190125646954 22.0
61.576 17.474289321881347 -9.844710678118656 22.0
61.626000000000005 17.478 -9.7055 24.0
61.676 17.43264466094067 -9.730855339059328 24.0
61.726000000000006 17.40970288792669 -9.711669314268459 24.0
61.777 17.374827866490723 -9.685370319280118 24.0
61.826 17.29369892214622 -9.598347904939592 22.0
61.926 17.214662276600144 -9.523844473468674 22.0
62.026 17.1655 -9.4025 20.0
62.126000000000005 17.02575352793732 -9.426141563950686 20.0
62.226000000000006 16.96190783395403 -9.305917683373746 23.0
62.326 16.81377016381029 -9.317294789895497 17.0
62.426 16.819000000000003 -9.121 25.0
62.526 16.7275 -9.047 20.0
62.626000000000005 16.640500000000003 -8.971499999999999 24.0
62.726000000000006 16.581000000000003 -8.924 19.0
62.776 16.54 -8.892 22.0
62.825 16.457 -8.818999999999999 17.0
62.925 16.3665 -8.745000000000001 19.0
63.025 16.279 -8.6705 26.0
63.125 16.2325 -8.6285 26.0
63.175 16.195 -8.5975 22.0
63.225 16.112000000000002 -8.5215 22.0
63.325 16.060000000000002 -8.48 23.0
63.375 16.0215 -8.448 23.0
63.425 15.969999999999999 -8.403500000000001 23.0
63.475 15.932 -8.3675 18.0
63.525 15.8805 -8.3195 23.0
63.575 15.8097841694161 -8.326153668524128 23.0
63.625 15.82 -8.2685 22.0
63.675 15.709251910370325 -8.236843868786954 21.0
63.725 15.682500000000001 -8.146 22.0
63.775 15.676539568672798 -8.075037169881735 25.0
63.824 15.616813564634239 -8.020167367094844 25.0
63.875 15.570126178291076 -7.982869947291219 23.0
63.924 15.48 -7.9695 23.0
63.975 15.473752603787194 -7.898793069359784 27.0
64.024 15.453109889823587 -7.8805335457259424 27.0
64.074 15.3355 -7.846500000000001 17.0
64.124 15.344344072349816 -7.7889519124186455 26.0
64.17399999999999 15.2385 -7.763 24.0
64.22399999999999 15.28499645207146 -7.6702606882451345 30.0
64.274 15.208779333019804 -7.60368015303076 30.0
64.324 15.189091332396911 -7.585846422087622 23.0
64.374 15.048 -7.596 33.0
64.42399999999999 15.027 -7.5785 33.0
64.47399999999999 14.982476698826694 -7.472916262366636 26.0
64.524 14.9275 -7.492 26.0
64.574 14.88433106780857 -7.389859443444577 29.0
64.624 14.862850470260582 -7.372549415736854 29.0
64.67399999999999 14.821703926882805 -7.271181480368831 18.0
64.72399999999999 14.703 -7.296000000000001 32.0
64.774 14.717521467766868 -7.184350427793495 17.0
64.824 14.70413829547956 -7.172862672145994 17.0
64.874 14.61973922922136 -7.105729454161022 31.0
64.92399999999999 14.597104321526281 -7.088456827996748 31.0
64.97399999999999 14.52371267274718 -7.0285134979228125 31.0
65.024 14.50492623799285 -7.012443549779812 31.0
65.074 14.417327967376599 -6.9378597698596955 37.0
65.124 14.33 -6.994999999999999 15.0
65.17399999999999 14.31557810751702 -6.854403915356048 25.0
65.223 14.331852998316933 -6.8022450322411 25.0
65.274 14.20919392921451 -6.772771359135698 21.0
65.324 14.21946624123076 -6.7178511003076995 21.0
65.374 14.114134093425232 -6.6964494600446 25.0
65.423 14.130878470303987 -6.644834679646992 25.0
65.473 14.006728061266651 -6.612551258192504 23.0
65.523 13.98846950475544 -6.597913119055695 25.0
65.57300000000001 13.913214081201833 -6.534841329417969 25.0
65.623 13.933063078652852 -6.485156623413001 18.0
65.673 13.809629656035781 -6.45064244873099 19.0
65.723 13.82860544165483 -6.401893126330735 19.0
65.773 13.720883534716336 -6.373771283054399 22.0
65.82300000000001 13.709210678118652 -6.361789321881344 22.0
65.873 13.612162403750743 -6.293760744474351 29.0
65.923 13.621205029433785 -6.2396924558493225 29.0
65.973 13.574471306575301 -6.190862896255752 22.0
66.023 13.56447664431311 -6.180379664412371 22.0
66.07300000000001 13.408834159879932 -6.18965160683676 20.0
66.123 13.42058481451695 -6.137208130951167 20.0
66.173 13.4181352360136 -6.12468073931379 20.0
66.223 13.358070668445443 -6.067827731366219 24.0
66.273 13.323770902562856 -6.038239130953833 24.0
66.32300000000001 13.275377927491373 -5.989958129796442 23.0
66.373 13.266205029433786 -5.972529980377477 23.0
66.423 13.21343638388299 -5.921259068131634 23.0
66.473 13.198291869048838 -5.89341518548305 27.0
66.523 13.121206930640215 -5.878747396212805 27.0
66.57300000000001 13.038574251239972 -5.794864937046942 30.0
66.672 13.0112228053529 -5.6783338024735635 17.0
66.77199999999999 12.902 -5.6899999999999995 26.0
66.822 12.900541653245092 -5.616344564187411 26.0
66.872 12.848952667896699 -5.570895190753177 22.0
66.922 12.820846927805217 -5.533648431607275 22.0
66.972 12.787037058160163 -5.484934988927726 29.0
67.02199999999999 12.709499999999998 -5.473 29.0
67.072 12.640999999999998 -5.3735 21.0
67.172 12.619534411996918 -5.25166310685313 29.0
67.27199999999999 12.5085 -5.1850000000000005 25.0
67.372 12.4835 -5.1345 27.0
67.422 12.411456464976801 -5.123099164006047 27.0
67.472 12.357123559967468 -5.02497619673909 24.0
67.572 12.3765 -4.958 27.0
67.622 12.347000000000001 -4.916 27.0
67.672 12.284674490591076 -4.888133696389406 24.0
67.722 12.262706746337772 -4.852013879893731 24.0
67.77199999999999 12.296 -4.7835 20.0
67.822 12.183633851226787 -4.793187549219313 23.0
67.872 12.260000000000002 -4.696 26.0
67.921 12.234 -4.649 26.0
67.971 12.213999999999999 -4.6114999999999995 26.0
68.02199999999999 12.189 -4.5665 28.0
68.071 12.180500000000002 -4.5205 28.0
68.122 12.153500000000001 -4.4725 22.0
68.171 12.1495 -4.423 22.0
68.221 12.081068967147255 -4.399432145988513 25.0
68.271 12.072106654018647 -4.326264050671676 25.0
68.321 12.009260054013424 -4.317526922351678 25.0
68.37100000000001 12.0595 -4.178999999999999 22.0
68.471 12.053 -4.121 22.0
68.521 11.985832641514243 -4.089698307489129 25.0
68.571 11.980180303808392 -4.063719949365266 25.0
68.62100000000001 11.960080551984618 -3.9688386462300556 16.0
68.671 11.957027754651058 -3.900165741511632 16.0
68.721 11.9865 -3.8404999999999996 22.0
68.771 11.9845 -3.8265 22.0
68.821 11.958499999999999 -3.7460000000000004 14.0
68.87100000000001 11.859003985731073 -3.689107178444026 26.0
68.921 11.893799942340175 -3.65499710753159 26.0
68.971 11.890172712087743 -3.630652273992684 26.0
69.021 11.778414218069521 -3.5530490975010265 20.0
69.071 11.782058532750717 -3.467567565334197 19.0
69.12100000000001 11.771623759261349 -3.4661878496627105 19.0
69.171 11.916 -3.4154999999999998 5.0
69.221 11.70082251762626 -3.408243893654549 19.0
69.271 11.792226472359172 -3.2892736947657863 19.0
69.321 11.782181915426957 -3.260275522387195 19.0
69.37 11.879999999999999 -3.229 14.0
69.42 11.774231630731885 -3.147802388813737 22.0
69.471 11.782860607616785 -3.0795601012694593 20.0
69.52 11.773084760776724 -3.058232475535725 20.0
69.57 11.772910679353213 -3.020446425395752 20.0
69.62 11.797123224648626 -2.9624825266245622 19.0
69.67 11.79921383978246 -2.893380665546824 17.0
69.72 11.791950378479488 -2.8491958948000695 17.0
69.77 11.792805813266312 -2.8279784236962504 17.0
69.82 11.842500000000001 -2.7345 12.0
69.87 11.754057242449143 -2.6609209361516375 15.0
69.92 11.797212255593685 -2.623602228474532 15.0
69.97 11.79756238305613 -2.606503119152812 15.0
70.02 11.77612497924899 -2.53364347133265 21.0
70.07 11.93137990866866 -2.4829252692330037 18.0
70.12 11.979330220658657 -2.3978652275876824 23.0
70.17 11.92933716976505 -2.413705718425412 18.0
70.22 11.934919381714426 -2.2905146180153118 23.0
70.27 11.943357987089499 -2.2500473370806384 23.0
70.32 11.793513727255004 -2.16917155326746 17.0
70.369 11.795306504495015 -2.1535557280900055 17.0
70.419 11.780457077294344 -2.062745280556169 15.0
70.469 11.73612405519358 -1.9958455572156066 18.0
70.52 11.786001456728066 -1.9411183317307477 18.0
70.57 11.786705339676594 -1.9314732126978689 18.0
70.619 11.79104499525963 -1.8278792686666812 23.0
70.669 11.792970966215455 -1.8151941932430968 23.0
70.719 11.797056058856983 -1.7171329885714215 23.0
70.76899999999999 11.798970966215443 -1.7046941932430952 23.0
70.819 11.79502161227678 -1.613969952580095 21.0
70.869 11.844999999999999 -1.608 11.0
70.919 11.756015590895249 -1.4948583854796125 15.0
70.969 11.758441932430916 -1.4803883864861582 15.0
71.01899999999999 11.864 -1.3900000000000001 19.0
71.119 11.873999999999999 -1.2755 19.0
71.219 11.866 -1.1645 29.0
71.319 11.895 -1.044 29.0
71.419 11.91 -0.922 18.0
71.518 11.858025176235254 -0.8605865023417376 18.0
71.569 11.862633313820416 -0.7938512180844224 17.0
71.618 11.9275 -0.6755 26.0
71.718 11.938500000000001 -0.6164999999999999 26.0
71.768 11.957 -0.5489999999999999 22.0
71.818 11.937999999999999 -0.4285 26.0
71.918 11.945 -0.3725 19.0
71.968 11.950500000000002 -0.31050000000000005 19.0
72.018 11.968 -0.1905 24.0
72.118 11.979 -0.132 24.0
72.168 11.998000000000001 -0.05550000000000002 27.0
72.218 12.023103122077318 0.0789277994388463 27.0
72.318 11.982 0.1315 24.0
72.368 11.9875 0.1935 24.0
72.418 12.004 0.3175 21.0
72.468 12.004 0.318 21.0
72.517 12.044858796175784 0.4412550557789281 24.0
72.617 12.0095 0.562 20.0
72.717 12.002576206138789 0.6548981220400467 23.0
72.767 12.018271180392029 0.6827219666823652 23.0
72.817 12.030267500677754 0.8066837902569913 29.0
72.867 12.115164078649956 0.7454179606749403 20.0
72.918 12.011934865502633 0.9419962705885149 29.0
73.017 12.123785438482352 1.0423761203119333 21.0
73.117 12.133403399820343 1.090210834460096 21.0
73.167 12.039901094049146 1.178356623996905 20.0
73.217 12.123368894396899 1.3253861981127648 28.0
73.267 12.023507125007267 1.2968732187481704 19.0
73.317 12.152419377627162 1.3987140704816654 28.0
73.417 12.121708985737925 1.5454470262943847 31.0
73.467 12.0225 1.5590000000000002 10.0
73.517 12.136798827419476 1.6731787110214902 21.0
73.617 12.140384998684164 1.7427055200631574 34.0
73.667 12.130826760290516 1.817773226590356 24.0
73.717 12.114164566191434 1.9110770881105843 32.0
73.816 12.119902628924132 1.985381085692241 32.0
73.867 12.131074529601289 2.0404244820290183 27.0
73.916 12.147113893835677 2.1677982632705395 19.0
74.016 12.100999999999999 2.2365 24.0
74.067 12.242073840976675 2.311135255691204 26.0
74.116 12.205331328983803 2.329051963085117 26.0
74.166 12.218119445649108 2.3936978139706664 26.0
74.21600000000001 12.22334104059634 2.469363812224403 24.0
74.266 12.235528232673214 2.516903759784976 29.0
74.316 12.20112301031563 2.5878465512466677 29.0
74.366 12.205923017660256 2.6597264990188756 24.0
74.416 12.208940617556234 2.721563872314329 26.0
74.46600000000001 12.20130354756404 2.7738162610348973 26.0
74.516 12.22709118774872 2.8905102536693916 33.0
74.616 12.230940617556247 2.9590638723143288 24.0
74.666 12.245073868631883 3.0131433863969423 31.0
74.71600000000001 12.312573267274988 3.1354173746477842 20.0
74.815 12.2165 3.2089999999999996 29.0
74.865 12.209 3.2565 29.0
74.915 12.238 3.386 23.0
75.015 12.340870976937175 3.439921814732008 23.0
75.065 12.3051159421222 3.4978170991799375 23.0
75.115 12.309923017660253 3.5697264990188735 26.0
75.165 12.32314458559256 3.621936942768981 31.0
75.215 12.327915147046049 3.6905882830889816 31.0
75.265 12.326492123985835 3.7788874341535954 28.0
75.315 12.331813498325076 3.837185445026959 28.0
75.365 12.345576016939152 3.891152190990449 28.0
75.415 12.3005 3.9625 29.0
75.465 12.41301328557914 4.006337889641103 29.0
75.515 12.431494949366108 4.133357864376269 29.0
75.565 12.3325 4.1515 21.0
75.615 12.3325 4.151999999999999 21.0
75.665 12.423210398219211 4.277605030372651 34.0
75.715 12.422886991009984 4.257611456179978 34.0
75.764 12.40083222333526 4.389756910866244 35.0
75.865 12.443756806206203 4.5219699078572 28.0
75.914 12.44408932064677 4.51144642539577 28.0
75.964 12.41104029691488 4.638235461465438 37.0
76.064 12.412498497754248 4.77361241474609 24.0
76.11399999999999 12.412997474683056 4.773928932188139 24.0
76.164 12.48282420031731 4.898210218064116 28.0
76.264 12.537937027705025 5.047153999196956 34.0
76.36399999999999 12.502721595248676 5.162547087235996 38.0
76.464 12.505488167780857 5.3034617204956795 41.0
76.514 12.503476382123779 5.28418825942079 33.0
76.564 12.581756439234258 5.387575851900341 41.0
76.664 12.542384074732835 5.544686309651434 28.0
76.714 12.542705448550123 5.5483303501115175 28.0
76.764 12.50954029691488 5.673735461465437 29.0
76.86399999999999 12.512491034895696 5.811553200096673 25.0
76.914 12.561841716833355 5.7980960666274175 33.0
76.964 12.541937012832769 5.946744817163721 21.0
77.064 12.647886576718383 6.079667837481775 22.0
77.163 12.613640022015074 6.197413517094008 29.0
77.263 12.618933142658715 6.329843909414927 28.0
77.314 12.619388373467363 6.331456847392523 28.0
77.363 12.63932420031729 6.4597102180641155 29.0
77.46300000000001 12.646839254952642 6.583832269369499 27.0
77.513 12.547 6.5969999999999995 15.0
77.563 12.612128836320126 6.717418996340221 22.0
77.663 12.620403383010848 6.8488931745985475 22.0
77.71300000000001 12.621225272646079 6.856265760774101 22.0
77.763 12.641926866754769 6.991451169441091 22.0
77.863 12.643995476091227 7.109827415119851 24.0
77.913 12.644389257892824 7.114674049473807 24.0
77.96300000000001 12.70789315506921 7.233499967027914 17.0
78.063 12.6115 7.365 25.0
78.113 12.6125 7.3765 25.0
78.163 12.6345 7.516500000000001 23.0
78.263 12.73648709947907 7.639393781534473 18.0
78.313 12.736827437317505 7.643627797804845 18.0
78.363 12.703596491735173 7.776160598800769 22.0
78.462 12.707974005716984 7.9048879352994526 25.0
78.513 12.708613893835672 7.9082982632705425 25.0
78.562 12.72687069718882 8.022092139411315 23.0
78.613 12.727827287912252 8.03184772600731 23.0
78.66199999999999 12.735403432971824 8.153393977200926 30.0
78.712 12.736997474683054 8.163428932188133 30.0
78.762 12.7045 8.29 21.0
78.812 12.705 8.296 21.0
78.862 12.712499999999999 8.413499999999999 18.0
78.91199999999999 12.7165 8.427499999999998 18.0
78.962 12.842167310521852 8.511398611825264 21.0
79.012 12.846305257848314 8.546762171384476 21.0
79.062 12.806321415244842 8.666777846165692 23.0
79.112 12.808031056462175 8.678668130143148 23.0
79.16199999999999 12.824902760078452 8.786794982373085 18.0
79.212 12.826430891466604 8.81087205834387 21.0
79.262 12.835324061662579 8.916309191075111 26.0
79.312 12.838576197382034 8.924263943605126 26.0
79.362 12.803 8.993500000000001 26.0
79.41199999999999 12.824000000000002 9.067499999999999 23.0
79.462 12.826 9.1195 20.0
79.512 12.832 9.187000000000001 20.0
79.562 12.845 9.243500000000001 19.0
79.612 12.949722699260997 9.30305800751784 19.0
79.66199999999999 12.903846918890615 9.357590437734068 19.0
79.712 12.8635 9.428999999999998 20.0
79.762 12.8765 9.4845 20.0
79.811 12.902 9.54 24.0
79.861 12.9065 9.59 24.0
79.911 12.914 9.658 27.0
79.961 12.927 9.7135 23.0
80.01100000000001 12.933 9.783999999999999 23.0
80.061 12.9375 9.843 21.0
80.111 12.946000000000002 9.913499999999999 26.0
80.161 12.959 9.968499999999999 26.0
80.211 12.974499999999999 10.0525 21.0
80.26100000000001 12.9805 10.116499999999998 21.0
80.311 12.986500000000001 10.186499999999999 21.0
80.411 13.0045 10.312999999999999 19.0
80.51100000000001 13.0125 10.435 22.0
80.561 13.0155 10.445 22.0
80.611 13.045 10.562999999999999 19.0
80.711 13.052 10.695500000000001 24.0
80.811 13.0715 10.8215 22.0
80.911 13.1323120294098 10.943668519181758 19.0
81.01100000000001 13.054823403913185 11.074036724921935 22.0
81.11 13.1165 11.192499999999999 23.0
81.211 13.1345 11.315 17.0
81.31 13.1425 11.422 26.0
81.361 13.143 11.434999999999999 26.0
81.41 13.210017087333714 11.55306760777328 22.0
81.51 13.169 11.669 19.0
81.561 13.1695 11.682500000000001 19.0
81.61 13.1845 11.807 20.0
81.71 13.239947126231165 11.924201178290618 20.0
81.81 13.2 12.0475 27.0
81.91 13.237024613658878 12.144378418563733 22.0
81.96 13.237968142717374 12.149715423474378 22.0
82.01 13.301801100436775 12.261697820030054 19.0
