13.3028391625 12.6448424251 0 1.43230386949 0
13.3017156484 12.7160185131 0 1.41519178834 0
13.3009994636 12.7863582575 0 1.39864077957 0
13.3006781732 12.8558873318 0 1.38264831362 0
13.300739342 12.9246314098 0 1.36721177026 0
13.3011705349 12.9926161652 0 1.35232844393 0
13.3019593167 13.0598672716 0 1.33799555009 0
13.3030672716 13.1250863123 0 1.32448059128 0
13.3045273935 13.1909605365 0 1.31122906541 0
13.3063080477 13.2561776193 0 1.29851928043 0
13.3083967991 13.3207632345 0 1.28634821691 0
13.3107812126 13.3847430559 0 1.2747128206 0
13.313448853 13.448142757 0 1.26361001373 0
13.3163872853 13.5109880115 0 1.25303670702 0
13.3195840744 13.5733044933 0 1.24298981241 0
13.323026785 13.6351178759 0 1.23346625626 0
13.3267029821 13.6964538331 0 1.22446299318 0
13.3306002306 13.7573380386 0 1.21597702017 0
13.3347060954 13.817796166 0 1.20800539111 0
13.3390081413 13.8778538891 0 1.20054523142 0
13.3434939332 13.9375368815 0 1.19359375283 0
13.348151036 13.996870817 0 1.18714826802 0
13.3529670146 14.0558813692 0 1.18120620521 0
13.3579294339 14.1145942118 0 1.17576512227 0
13.3630258587 14.1730350186 0 1.1708227206 0
13.368243854 14.2312294633 0 1.16637685821 0
13.3735709846 14.2892032194 0 1.16242556232 0
13.3788854716 14.3458281311 0 1.1590313929 0
13.3845029113 14.4045913611 0 1.15599969387 0
13.3899706151 14.4609090213 0 1.15356688161 0
13.3956088698 14.5182588688 0 1.15156813418 0
13.4070145693 14.6327057371 0 1.14903277957 0
13.412757144 14.6898541053 0 1.14849489342 0
13.4185096217 14.7469866611 0 1.14844306484 0
13.4299945459 14.8613070305 0 1.14979756596 0
13.4357021221 14.9185461913 0 1.15120446998 0
13.441369861 14.9758722346 0 1.15309857644 0
13.4469853273 15.033310834 0 1.15548074297 0
13.4525360861 15.0908876632 0 1.158352047 0
13.4580097021 15.1486283959 0 1.16171377896 0
13.4633937402 15.2065587058 0 1.16556743419 0
13.4686757654 15.2647042665 0 1.1699147038 0
13.4738433425 15.3230907519 0 1.17475746427 0
13.4788840364 15.3817438355 0 1.18009776626 0
13.4837854119 15.4406891912 0 1.18593782238 0
13.4931204676 15.5595594131 0 1.19912677964 0
13.5017788901 15.679847214 0 1.21262232635 0
13.5097330306 15.80023783 0 1.22458343293 0
13.5172950027 15.9242456524 0 1.23533523098 0
13.5242439502 16.046809334 0 1.24443893493 0
13.5276039403 16.1090435217 0 1.24849334676 0
13.5308767564 16.1714761916 0 1.25218151113 0
13.5372007107 16.2968608927 0 1.25845526486 0
13.5403326762 16.361034473 0 1.26108716986 0
13.5432955013 16.4228112673 0 1.2632537977 0
13.5462818626 16.485951029 0 1.26509839152 0
13.5492408159 16.5491751453 0 1.2665726571 0
13.5521823223 16.6124645949 0 1.26767632739 0
13.5551163426 16.6758003566 0 1.26840924775 0
13.558052838 16.7391634091 0 1.26877137501 0
13.5610017694 16.8025347312 0 1.26876277703 0
13.5639730977 16.8658953016 0 1.26838363274 0
13.5669767841 16.929226099 0 1.26763423265 0
13.5700227894 16.9925081022 0 1.2665149799 0
13.5731210747 17.0557222899 0 1.26502639175 0
13.576281601 17.1188496408 0 1.2631691016 0
13.5795143293 17.1818711338 0 1.26094386152 0
13.5827620531 17.2435111621 0 1.25840698276 0
13.5861671282 17.3062669396 0 1.25545590065 0
13.589674089 17.3688601759 0 1.25213984665 0
13.5932928965 17.4312718495 0 1.24846008134 0
13.5970335118 17.4934829392 0 1.24441800511 0
13.6009058958 17.5554744238 0 1.24001516438 0
13.6049200095 17.617227282 0 1.23525325849 0
13.6090858139 17.6787224925 0 1.23013414741 0
13.61341327 17.7399410341 0 1.22465986028 0
13.6179123388 17.8008638856 0 1.21883260494 0
13.6225929813 17.8614720256 0 1.21265477839 0
13.6274651585 17.9217464329 0 1.20612897829 0
13.6325388314 17.9816680863 0 1.1992580158 0
13.6378239609 18.0412179644 0 1.1920449295 0
13.6433305081 18.1003770461 0 1.18449300085 0
13.649068434 18.15912631 0 1.17660577109 0
13.6550476995 18.2174467349 0 1.1683870599 0
13.6612782657 18.2753192996 0 1.1598409858 0
13.6677700935 18.3327249827 0 1.1509719886 0
13.674533144 18.3896447631 0 1.1417848541 0
13.6815773781 18.4460596195 0 1.13228474112 0
13.6889127568 18.5019505305 0 1.12247721133 0
13.6965492412 18.557298475 0 1.1123682619 0
13.7044992344 18.6120840344 0 1.10196234902 0
13.7127849084 18.6662862006 0 1.09126901622 0
13.7214308774 18.7198835683 0 1.0803033689 0
13.7302772069 18.7718015842 0 1.06930892447 0
13.7399021576 18.8251782871 0 1.0576236671 0
13.7495747926 18.8758064315 0 1.04618381458 0
13.7601099885 18.9277969482 0 1.03407836717 0
13.7707054167 18.9770513122 0 1.02228055512 0
13.7820196538 19.0265852517 0 1.01009966444 0
13.7938659931 19.0753649837 0 9.978041E-01 0
13.806269049 19.1233691026 0 9.854258E-01 0
13.8192534355 19.1705762033 0 9.729997E-01 0
13.8328437669 19.2169648805 0 9.605638E-01 0
13.8470646575 19.2625137287 0 9.481594E-01 0
13.8619407215 19.3072013426 0 9.358314E-01 0
13.877496573 19.351006317 0 9.236284E-01 0
13.8937568262 19.3939072465 0 9.116031E-01 0
13.9107460955 19.4358827258 0 8.998122E-01 0
13.928488995 19.4769113495 0 8.883168E-01 0
13.9470101389 19.5169717124 0 8.771823E-01 0
13.9663341415 19.5560424091 0 8.664787E-01 0
13.9860743189 19.5933508888 0 8.564787E-01 0
14.028923087 19.6663934501 0 8.378886E-01 0
14.075298929 19.7351606631 0 8.215485E-01 0
14.1250176646 19.799601731 0 8.068133E-01 0
14.1510492427 19.8301916145 0 7.999902E-01 0
14.1778188944 19.8596899464 0 7.935000E-01 0
14.233442219 19.9153986018 0 7.814309E-01 0
14.262230792 19.9416022483 0 7.758098E-01 0
14.2916272391 19.9667009895 0 7.704373E-01 0
14.3215990101 19.9906914869 0 7.652943E-01 0
14.3521135553 20.0135704021 0 7.603625E-01 0
14.4146407684 20.0559801321 0 7.510652E-01 0
14.4465883364 20.07550427 0 7.466687E-01 0
14.4789484789 20.0939034719 0 7.424218E-01 0
14.5447762875 20.1273137141 0 7.343289E-01 0
14.6111875393 20.1559180063 0 7.267795E-01 0
14.6799506017 20.1804880751 0 7.194943E-01 0
14.7487763086 20.200198779 0 7.126644E-01 0
14.8173859606 20.2151616037 0 7.062743E-01 0
14.8869073776 20.225652343 0 7.002190E-01 0
14.9216694758 20.2291469785 0 6.973576E-01 0
14.9563891006 20.2314700066 0 6.946191E-01 0
15.0255707304 20.2325878869 0 6.895595E-01 0
15.0599676354 20.2313760622 0 6.872673E-01 0
15.0941983336 20.228983329 0 6.855215E-01 0
15.1621666995 20.2207268899 0 6.846653E-01 0
15.1959168616 20.2149051392 0 6.854706E-01 0
15.2295193393 20.207982338 0 6.870386E-01 0
15.2963062304 20.1909174946 0 6.922754E-01 0
15.3295031382 20.1808174077 0 6.958489E-01 0
15.3625773504 20.1697001809 0 6.999952E-01 0
15.427726765 20.1447694106 0 7.097108E-01 0
15.4611262851 20.1304554374 0 7.154028E-01 0
15.4931201858 20.1157879575 0 7.212540E-01 0
15.558795858 20.0828116301 0 7.343260E-01 0
15.5905390503 20.0655231879 0 7.410807E-01 0
15.6228579893 20.047040818 0 7.482018E-01 0
15.6551103325 20.0277296874 0 7.555186E-01 0
15.687302327 20.0076107739 0 7.629981E-01 0
15.71944022 19.9867050552 0 7.706088E-01 0
15.7515302586 19.9650335087 0 7.783212E-01 0
15.7835786901 19.9426171123 0 7.861079E-01 0
15.8155917615 19.9194768435 0 7.939429E-01 0
15.8475757202 19.8956336801 0 8.018021E-01 0
15.8795368133 19.8711085996 0 8.096632E-01 0
15.911481288 19.8459225797 0 8.175050E-01 0
15.9434153914 19.8200965981 0 8.253083E-01 0
15.9753453708 19.7936516325 0 8.330550E-01 0
16.0072774733 19.7666086604 0 8.407286E-01 0
16.0392179461 19.7389886595 0 8.483134E-01 0
16.0711730365 19.7108126075 0 8.557955E-01 0
16.1031489915 19.682101482 0 8.631616E-01 0
16.1345116909 19.6534656676 0 8.702563E-01 0
16.1665473884 19.623756985 0 8.773584E-01 0
16.1986225672 19.5935757422 0 8.843117E-01 0
16.2307434745 19.5629429171 0 8.911069E-01 0
16.2629163575 19.5318794872 0 8.977356E-01 0
16.2951474633 19.5004064302 0 9.041904E-01 0
16.3274430391 19.4685447238 0 9.104642E-01 0
16.3598093321 19.4363153455 0 9.165512E-01 0
16.3922525895 19.4037392731 0 9.224457E-01 0
16.4247790585 19.3708374842 0 9.281430E-01 0
16.4573949863 19.3376309565 0 9.336389E-01 0
16.49010662 19.3041406676 0 9.389298E-01 0
16.5229202069 19.2703875951 0 9.440126E-01 0
16.555841994 19.2363927168 0 9.488848E-01 0
16.5888782287 19.2021770102 0 9.535444E-01 0
16.6220351581 19.1677614531 0 9.579899E-01 0
16.6553183293 19.1331642869 0 9.623095E-01 0
16.6887304896 19.0983928085 0 9.665921E-01 0
16.7222736862 19.0634515787 0 9.708374E-01 0
16.7559499663 19.0283451584 0 9.750454E-01 0
16.789761377 18.9930781082 0 9.792160E-01 0
16.8230296364 18.9583649514 0 9.832668E-01 0
16.8577977796 18.9220803616 0 9.874447E-01 0
16.8913408863 18.8870746287 0 9.914220E-01 0
16.9257104055 18.8512134701 0 9.954433E-01 0
16.9602252506 18.8152143943 0 9.994271E-01 0
16.9948874687 18.7790819621 0 1.00337351014 0
17.029699107 18.7428207344 0 1.00728259055 0
17.099778833 18.6699301352 0 1.01498925862 0
17.1704808065 18.596579083 0 1.02254830136 0
17.2418214051 18.5228040639 0 1.02996127698 0
17.2777363068 18.4857689688 0 1.03361357416 0
17.3138170064 18.4486415642 0 1.03723009959 0
17.3864839882 18.3741280701 0 1.04435702924 0
17.4230743647 18.3367511021 0 1.04786808286 0
17.459838728 18.2993000678 0 1.05134466304 0
17.5338976036 18.2241940435 0 1.05819592728 0
17.6086769927 18.1488464834 0 1.06491407036 0
17.6463419977 18.1110935294 0 1.06822432313 0
17.6834344086 18.0740502951 0 1.07143739959 0
17.7214702145 18.0362092968 0 1.07468493131 0
17.7596963438 17.9983306272 0 1.07790154039 0
17.8367277617 17.9224785173 0 1.08424413609 0
17.8755371447 17.8845141985 0 1.0873712424 0
17.9145450399 17.8465304516 0 1.0904696652 0
17.9931645562 17.7705229164 0 1.09658290362 0
18.0726026881 17.6944923978 0 1.10258892126 0
18.112633853 17.6564799217 0 1.10555338623 0
18.1528758134 17.6184753822 0 1.10849307887 0
18.1933306166 17.5804833398 0 1.11140871425 0
18.2340003098 17.5425083556 0 1.1143010253 0
18.2748869402 17.5045549901 0 1.11717076271 0
18.3159925549 17.4666278043 0 1.12001869484 0
18.3573192012 17.4287313589 0 1.1228456077 0
18.3988689264 17.3908702146 0 1.1256523048 0
18.439806061 17.3538049377 0 1.12838404577 0
18.4818035219 17.3160271449 0 1.13115315454 0
18.5248770467 17.2775441964 0 1.13395939842 0
18.5664880293 17.2406227969 0 1.13663909083 0
18.6100353865 17.2022536377 0 1.139411896 0
18.6521056323 17.1654505043 0 1.14206122197 0
18.6952670825 17.1279611247 0 1.14470766743 0
18.7386536669 17.0905335057 0 1.14725262963 0
18.7822531515 17.0531622724 0 1.14969365437 0
18.8260533021 17.0158420501 0 1.15202846658 0
18.8700418847 16.9785674639 0 1.15425496631 0
18.9142066652 16.9413331391 0 1.15637122505 0
18.9585354096 16.9041337008 0 1.15837548223 0
19.0030158836 16.8669637742 0 1.16026614204 0
19.0476358533 16.8298179845 0 1.16204177045 0
19.0923830846 16.7926909569 0 1.16370109246 0
19.1372453433 16.7555773166 0 1.16524298967 0
19.1822103954 16.7184716887 0 1.16666649801 0
19.2272660068 16.6813686985 0 1.16797080577 0
19.2723999434 16.6442629712 0 1.16915525183 0
19.3175999711 16.6071491319 0 1.17021932417 0
19.3628538559 16.5700218058 0 1.17116265856 0
19.4081493636 16.5328756182 0 1.17198503755 0
19.4525675533 16.4964488749 0 1.17267354841 0
19.4988163115 16.4585051589 0 1.17326678864 0
19.543256375 16.4220152157 0 1.17371844124 0
19.5885962999 16.3847406935 0 1.17406013848 0
19.6348230534 16.3466736379 0 1.17428518033 0
19.6792060071 16.3100493899 0 1.17438456385 0
19.7244513213 16.2726218589 0 1.17436873988 0
19.7696406304 16.2351325753 0 1.17423543378 0
19.8147617004 16.1975761644 0 1.1739857364 0
19.8598022972 16.1599472513 0 1.17362088726 0
19.9047501866 16.1222404611 0 1.17314227592 0
19.9495931347 16.0844504192 0 1.17255144354 0
19.9943189073 16.0465717506 0 1.17185008474 0
20.0389152703 16.0085990807 0 1.17104004952 0
20.0833699897 15.9705270345 0 1.17012334552 0
20.1276708313 15.9323502372 0 1.16910214039 0
20.1718055611 15.8940633141 0 1.16797876437 0
20.215761945 15.8556608903 0 1.16675571307 0
20.2595277489 15.8171375911 0 1.16543565042 0
20.3030907387 15.7784880415 0 1.16402141184 0
20.3464386804 15.7397068669 0 1.16251600747 0
20.3895593398 15.7007886924 0 1.16092262571 0
20.4324404828 15.6617281431 0 1.15924463678 0
20.4750698754 15.6225198443 0 1.15748559653 0
20.5174352836 15.5831584212 0 1.1556492503 0
20.5595244731 15.543638499 0 1.15373953694 0
20.6013252099 15.5039547028 0 1.15176059294 0
20.6428231092 15.4641032784 0 1.14955638223 0
20.6839951827 15.4240869544 0 1.14697156911 0
20.7240034715 15.3847151626 0 1.14407458797 0
20.7644562453 15.344385168 0 1.14075306212 0
20.8045082794 15.303903234 0 1.13706873799 0
20.8441344349 15.2632737097 0 1.13302839086 0
20.8833095727 15.2225009442 0 1.12863924384 0
20.96020624 15.1405430862 0 1.11884586821 0
21.0349971698 15.0580644525 0 1.10775658041 0
21.1074812507 14.9750998361 0 1.09544874583 0
21.1774573712 14.8916840297 0 1.08201050302 0
21.2447244199 14.807851826 0 1.06754234993 0
21.3090812853 14.7236380178 0 1.05215895902 0
21.3703268561 14.6390773979 0 1.0359912357 0
21.4282600206 14.5542047589 0 1.01918862448 0
21.4821535234 14.4699076505 0 1.00209600077 0
21.5328966831 14.384517604 0 9.845607E-01 0
21.5568131839 14.3417424105 0 9.757588E-01 0
21.5797261134 14.298919569 0 9.669739E-01 0
21.6016103327 14.2560534284 0 9.582382E-01 0
21.6224407028 14.213148338 0 9.495859E-01 0
21.66083934 14.127238704 0 9.326788E-01 0
21.6950362376 14.0403649218 0 9.164126E-01 0
21.709904954 13.9981908564 0 9.089204E-01 0
21.7238843118 13.9551433978 0 9.016058E-01 0
21.7481284235 13.8690273111 0 8.881756E-01 0
21.7583428995 13.8259673812 0 8.821641E-01 0
21.767252137 13.7829119924 0 8.766937E-01 0
21.7810543411 13.6968322345 0 8.676007E-01 0
21.7858970298 13.6538165635 0 8.640924E-01 0
21.7892791257 13.6116824615 0 8.613999E-01 0
21.7913398856 13.567855383 0 8.594397E-01 0
21.7918897749 13.5249185718 0 8.584090E-01 0
21.7909584533 13.4820167452 0 8.583158E-01 0
21.78858446 13.4400110888 0 8.591853E-01 0
21.7846461758 13.3971913628 0 8.611023E-01 0
21.7790258333 13.3535646652 0 8.641780E-01 0
21.7720760935 13.3117000951 0 8.682415E-01 0
21.7633940175 13.2690372515 0 8.735464E-01 0
21.7530803998 13.2264354003 0 8.800561E-01 0
21.7411101014 13.1838988906 0 8.878002E-01 0
21.7274579833 13.1414320714 0 8.968033E-01 0
21.7120989067 13.0990392918 0 9.070846E-01 0
21.6950077326 13.0567249009 0 9.186583E-01 0
21.676159322 13.0144932479 0 9.315330E-01 0
21.655549792 12.9723509624 0 9.450105E-01 0
21.6332602829 12.9303137967 0 9.582481E-01 0
21.6093931911 12.8883997836 0 9.710518E-01 0
21.5840509128 12.846626956 0 9.832509E-01 0
21.5573358444 12.8050133466 0 9.946949E-01 0
21.5293503821 12.7635769884 0 1.00525170644 0
21.5001969222 12.7223359142 0 1.01480540657 0
21.4699778612 12.6813081568 0 1.02325428645 0
21.4387955952 12.6405117492 0 1.03050923797 0
21.4067525205 12.599964724 0 1.03649223522 0
21.3739510336 12.5596851142 0 1.04113502854 0
21.3404935306 12.5196909527 0 1.04437801415 0
21.3064824078 12.4800002722 0 1.04616926424 0
21.2720200617 12.4406311056 0 1.04646370243 0
21.2372088884 12.4016014858 0 1.04522241077 0
21.2028541891 12.3636992655 0 1.04248383048 0
21.1669496457 12.3246330179 0 1.03800442556 0
21.1317063689 12.2867302354 0 1.03197606483 0
21.0972262428 12.2499848021 0 1.02447754371 0
21.0622026118 12.2129146378 0 1.01518836133 0
21.0274424837 12.1762918567 0 1.00423462021 0
20.9930482546 12.1401344917 0 9.916101E-01 0
20.9590995111 12.1044511711 0 9.786650E-01 0
20.9249184912 12.0685124165 0 9.665235E-01 0
20.8924690619 12.0343813029 0 9.558689E-01 0
20.8597184319 11.9999179684 0 9.460181E-01 0
20.8272982488 11.9657845091 0 9.371987E-01 0
20.7951740506 11.9319425315 0 9.294109E-01 0
20.7633113751 11.8983536423 0 9.226546E-01 0
20.7316757601 11.864979448 0 9.169299E-01 0
20.7002327437 11.8317815552 0 9.122367E-01 0
20.6689478636 11.7987215705 0 9.085753E-01 0
20.6377866578 11.7657611005 0 9.059455E-01 0
20.6067146642 11.7328617517 0 9.043474E-01 0
20.5756974207 11.6999851307 0 9.037811E-01 0
20.544700465 11.6670928441 0 9.042466E-01 0
20.5136893352 11.6341464985 0 9.057439E-01 0
20.4826295692 11.6011077004 0 9.082732E-01 0
20.4514867047 11.5679380565 0 9.118344E-01 0
20.4202262798 11.5345991733 0 9.164275E-01 0
20.3888138322 11.5010526573 0 9.220527E-01 0
20.3260338066 11.4338677285 0 9.362353E-01 0
20.2609545737 11.3640223981 0 9.548743E-01 0
20.1958814989 11.2939797554 0 9.772315E-01 0
20.1624604089 11.2579223016 0 9.892268E-01 0
20.1286858011 11.2213964534 0 1.00058692943 0
20.0945967256 11.184409435 0 1.01131381656 0
20.0602322326 11.1469684708 0 1.0214099974 0
20.0256313725 11.109080785 0 1.03087858381 0
19.9908331953 11.070753602 0 1.03972325431 0
19.9558767514 11.031994146 0 1.04794825038 0
19.920801091 10.9928096415 0 1.0555583779 0
19.8504483216 10.9131943838 0 1.06895611329 0
19.7800872889 10.8319656235 0 1.07996653383 0
19.7100303947 10.749181155 0 1.08864957446 0
19.6752136252 10.7072235909 0 1.09213994315 0
19.640590041 10.6648987727 0 1.09507582354 0
19.6061986923 10.6222139248 0 1.09746787562 0
19.5720786295 10.5791762713 0 1.0993275704 0
19.5382689027 10.5357930367 0 1.10066723711 0
19.5054740923 10.4929491462 0 1.10148833363 0
19.4397406871 10.404532749 0 1.10171066597 0
19.4075530932 10.3598456957 0 1.10112163255 0
19.3758703055 10.3148490382 0 1.10008869535 0
19.3141753497 10.2239558083 0 1.09676721735 0
19.2842412819 10.1780736844 0 1.09452010403 0
19.2549682213 10.1319108536 0 1.09191211566 0
19.1985568797 10.0387948955 0 1.08518725075 0
19.1714905908 9.99188774117 0 1.08097768472 0
19.1452315144 9.94478036242 0 1.07622833159 0
19.0947963298 9.84911254156 0 1.06507458104 0
19.0716547432 9.80250107384 0 1.05895735084 0
19.0489817001 9.7548369915 0 1.05227396112 0
19.0272944612 9.70709478174 0 1.04517322365 0
19.0066287449 9.65929886395 0 1.03768616662 0
18.9870202696 9.61147365752 0 1.02984644295 0
18.9685047536 9.56364358184 0 1.0216905478 0
18.9348954732 9.4680665003 0 1.00459182503 0
18.9198731454 9.42036833321 0 9.957383E-01 0
18.9060866504 9.37276297444 0 9.867478E-01 0
18.8935717066 9.32527484337 0 9.776746E-01 0
18.8823640323 9.2779283594 0 9.685773E-01 0
18.8726832473 9.23168976486 0 9.596996E-01 0
18.8641693429 9.18469578421 0 9.507458E-01 0
18.8570691488 9.13791622045 0 9.419706E-01 0
18.8514183833 9.09137549295 0 9.334519E-01 0
18.8472527648 9.04509802111 0 9.252726E-01 0
18.8446080116 8.99910822433 0 9.175209E-01 0
18.8435198421 8.95343052198 0 9.102898E-01 0
18.8440132687 8.90808380192 0 9.039903E-01 0
18.8460704796 8.86306482584 0 8.989437E-01 0
18.8496629572 8.81836482389 0 8.951080E-01 0
18.8547621838 8.77397502623 0 8.924368E-01 0
18.8613396418 8.72988666299 0 8.908798E-01 0
18.8693668133 8.68609096433 0 8.903829E-01 0
18.8788151808 8.6425791604 0 8.908893E-01 0
18.8896562265 8.59934248135 0 8.923403E-01 0
18.9018614328 8.55637215733 0 8.946751E-01 0
18.9302502562 8.47119549496 0 9.017506E-01 0
18.946376838 8.42897161693 0 9.063679E-01 0
18.9637535096 8.38697901452 0 9.116237E-01 0
18.9823517533 8.34520891788 0 9.174583E-01 0
19.0021430514 8.30365255717 0 9.238136E-01 0
19.0230988862 8.26230116254 0 9.306330E-01 0
19.0451907401 8.22114596414 0 9.378623E-01 0
19.0679154391 8.1809957675 0 9.452944E-01 0
19.0926684342 8.13938907661 0 9.533444E-01 0
19.1174805528 8.0995806242 0 9.613345E-01 0
19.1438111465 8.0591193758 0 9.697018E-01 0
19.1716921759 8.01800597076 0 9.784154E-01 0
19.199425819 7.97864567628 0 9.869182E-01 0
19.2286528624 7.93861568546 0 9.956897E-01 0
19.2587883537 7.89871190745 0 1.00452202704 0
19.2898037752 7.85892557242 0 1.0133822517 0
19.3216706092 7.8192479105 0 1.02223948048 0
19.354360338 7.77967015186 0 1.03106494125 0
19.387844444 7.74018352663 0 1.03983186405 0
19.4220944093 7.70077926498 0 1.04851538551 0
19.4570817165 7.66144859705 0 1.05709245332 0
19.4927778477 7.62218275298 0 1.06554173213 0
19.5661825115 7.54381045706 0 1.08197961925 0
19.6420802592 7.46559221842 0 1.09768930597 0
19.6808927454 7.42651894595 0 1.10523348439 0
19.7202429494 7.38745787824 0 1.11255304207 0
19.7996311126 7.3101186461 0 1.12633847764 0
19.8412346923 7.27026020524 0 1.13305274879 0
19.8816223059 7.23194253794 0 1.13924419301 0
19.9651962985 7.15364055344 0 1.15106127901 0
20.0075055504 7.11442043293 0 1.1565453107 0
20.050124949 7.07514253379 0 1.16173934471 0
20.1361801158 6.99637832019 0 1.17124120212 0
20.1795588485 6.95687446603 0 1.17554280063 0
20.2231336573 6.91727775384 0 1.17954190566 0
20.2668805929 6.87758194895 0 1.18333803055 0
20.3107939797 6.83779095755 0 1.18703179424 0
20.3548727109 6.79791122097 0 1.19062336728 0
20.3991156794 6.7579491806 0 1.19411293481 0
20.4435217782 6.71791127778 0 1.19750069655 0
20.4880899003 6.67780395388 0 1.2007868667 0
20.5328189387 6.63763365027 0 1.20397167395 0
20.5777077864 6.59740680829 0 1.20705536148 0
20.6227553364 6.55712986933 0 1.21003818695 0
20.6670548415 6.51761607279 0 1.21286376178 0
20.7133221153 6.47645146587 0 1.21570235501 0
20.7579272743 6.43687091564 0 1.21833162514 0
20.8035954888 6.39645842582 0 1.22091586077 0
20.8494168927 6.35602791699 0 1.22340073492 0
20.895390379 6.31558583051 0 1.22578659312 0
20.9415148407 6.27513860775 0 1.22807379597 0
21.0342122624 6.19425451879 0 1.23235375407 0
21.1275003017 6.11342718103 0 1.23624380072 0
21.2213701025 6.03270812535 0 1.23974737903 0
21.268520396 5.99240530669 0 1.24135538897 0
21.3158128089 5.95214888264 0 1.2428681905 0
21.4108195648 5.87180098381 0 1.24561020284 0
21.4585316938 5.83172239175 0 1.24684047417 0
21.5063815142 5.79171595975 0 1.24797765872 0
21.5543679189 5.75178812916 0 1.24902233139 0
21.602489801 5.71194534134 0 1.24997508553 0
21.6507460534 5.67219403767 0 1.25083653333 0
21.6991355692 5.63254065949 0 1.25160730617 0
21.7963099629 5.5535534451 0 1.25287945084 0
21.8441157071 5.51501771996 0 1.25337299466 0
21.8930246405 5.47581792046 0 1.25378953134 0
21.9420613243 5.43674812445 0 1.25411883736 0
21.9912246515 5.39781477328 0 1.25436166766 0
22.0405135152 5.35902430831 0 1.25451879948 0
22.0899268084 5.32038317092 0 1.25459103287 0
22.1394634241 5.28189780245 0 1.25457919119 0
22.1891222552 5.24357464428 0 1.25448412169 0
22.2389021948 5.20542013776 0 1.25430669607 0
22.2888021358 5.16744072425 0 1.25404781103 0
22.3388209713 5.12964284513 0 1.25370838893 0
22.3889575942 5.09203294174 0 1.25328937838 0
22.4392108975 5.05461745545 0 1.25279175488 0
22.4895797743 5.01740282763 0 1.25221652149 0
22.5400631175 4.98039549963 0 1.25156470949 0
22.5906598202 4.94360191281 0 1.25083737913 0
22.6413673149 4.90703271576 0 1.24981720267 0
22.6921771928 4.87071538586 0 1.24828948155 0
22.7430795848 4.83468160773 0 1.24625959064 0
22.7940646216 4.79896306599 0 1.24373338988 0
22.8451224341 4.76359144524 0 1.24071725177 0
22.8962431531 4.7285984301 0 1.23721809202 0
22.9474169093 4.69401570517 0 1.23324340345 0
22.9986338336 4.65987495507 0 1.22880129341 0
23.0498840567 4.62620786442 0 1.22390052498 0
23.1011577096 4.59304611781 0 1.21855056219 0
23.1524449229 4.56042139987 0 1.21276161958 0
23.2037358276 4.5283653952 0 1.2065447164 0
23.2539949842 4.49753281172 0 1.2000483917 0
23.3062892341 4.46608626414 0 1.19287548931 0
23.35650746 4.43652299226 0 1.18560202339 0
23.4087389754 4.40646220151 0 1.17764951418 0
23.4588775835 4.3782924449 0 1.16965729301 0
23.5099845901 4.3502986098 0 1.1611639001 0
23.5610264011 4.32309464656 0 1.15234751514 0
23.6119931472 4.29671223979 0 1.14322818872 0
23.6628749592 4.27118307411 0 1.13382752817 0
23.713661968 4.24653883413 0 1.12416881671 0
23.7643443044 4.22281120446 0 1.11427714038 0
23.8149120991 4.20003186971 0 1.10417952239 0
23.8653554831 4.17823251449 0 1.09390506471 0
23.9658295417 4.1377004811 0 1.07295332533 0
24.0656875267 4.10146858117 0 1.05170205805 0
24.1153608186 4.08504439278 0 1.04106330007 0
24.1648504846 4.0697902916 0 1.03047452806 0
24.2632394617 4.04291908929 0 1.00964204138 0
24.3121190346 4.03136535738 0 9.995042E-01 0
24.3607755047 4.02110845111 0 9.896282E-01 0
24.4573796599 4.00461185398 0 9.709119E-01 0
24.5053076066 3.99843553233 0 9.622051E-01 0
24.5529729737 3.99368277477 0 9.540273E-01 0
24.6474764927 3.98857469039 0 9.395607E-01 0
24.6933614651 3.98827348454 0 9.335442E-01 0
24.7398839601 3.98950051291 0 9.282385E-01 0
24.8319838966 3.99673031465 0 9.204836E-01 0
24.8775415997 4.00279645723 0 9.182003E-01 0
24.9227579671 4.01053900711 0 9.170887E-01 0
24.9676231297 4.01998964889 0 9.172278E-01 0
25.0121272181 4.03118006719 0 9.186929E-01 0
25.0562603634 4.04414194662 0 9.215547E-01 0
25.1000160463 4.05889410771 0 9.258067E-01 0
25.186425903 4.09362586762 0 9.379430E-01 0
25.2291005408 4.1135144667 0 9.455737E-01 0
25.2714352943 4.13502421203 0 9.540815E-01 0
25.3551260765 4.18272514199 0 9.732616E-01 0
25.3965025693 4.20882532687 0 9.837139E-01 0
25.4375801059 4.23636465852 0 9.946042E-01 0
25.5188792387 4.29557876266 0 1.0173268203 0
25.559121299 4.3271625354 0 1.02898854077 0
25.5983081132 4.35933461128 0 1.04051145095 0
25.6775525284 4.42855922963 0 1.06404524582 0
25.7168283152 4.46487662525 0 1.07569739013 0
25.7558867974 4.50227007867 0 1.08719859335 0
25.8333927764 4.58010315944 0 1.10955253875 0
25.8718607373 4.62045178704 0 1.12031789293 0
25.9101523218 4.66169447297 0 1.13075693018 0
25.9482777619 4.70378571734 0 1.14083506514 0
25.9862472897 4.74668002029 0 1.15052087375 0
26.0240711373 4.79033188194 0 1.1597858543 0
26.0617595366 4.83469580244 0 1.16860420752 0
26.0993227196 4.87972628189 0 1.17695263544 0
26.1367709186 4.92537782044 0 1.18481015843 0
26.1741143653 4.97160491822 0 1.19215794968 0
26.211363292 5.01836207534 0 1.19897918627 0
26.2485279306 5.06560379195 0 1.2052589159 0
26.2856185132 5.11328456816 0 1.2109839384 0
26.3226452718 5.16135890412 0 1.21614270109 0
26.3596184384 5.20978129995 0 1.22072520715 0
26.3965482451 5.25850625577 0 1.22472293633 0
26.4334449239 5.30748827172 0 1.22812877718 0
26.4695813894 5.3556961974 0 1.23088669418 0
26.5071798259 5.40604148451 0 1.23314306134 0
26.5433012972 5.45453119047 0 1.23471779612 0
26.5801675285 5.50408539291 0 1.23572352687 0
26.6170515875 5.55367006611 0 1.23612131263 0
26.6539637061 5.60323971021 0 1.23591162724 0
26.6909141165 5.65274882534 0 1.23509616123 0
26.7279130506 5.70215191163 0 1.23367783108 0
26.7649707405 5.7514034692 0 1.23166079765 0
26.8020974183 5.80045799819 0 1.2290504936 0
26.8393033159 5.84926999872 0 1.2258536603 0
26.8765986654 5.89779397092 0 1.22207839429 0
26.9139936988 5.94598441493 0 1.21773420372 0
26.9514986482 5.99379583087 0 1.21283207531 0
26.9891237456 6.04118271887 0 1.20738455208 0
27.026876816 6.08810503752 0 1.20156935929 0
27.0647560566 6.13454457922 0 1.19555682648 0
27.1027572575 6.18048859484 0 1.18934972595 0
27.1408762088 6.22592433524 0 1.18295097409 0
27.1791087005 6.27083905129 0 1.17636364003 0
27.217450523 6.31521999385 0 1.16959095475 0
27.2558974661 6.35905441378 0 1.16263632092 0
27.2944453202 6.40232956196 0 1.15550332328 0
27.3330898752 6.44503268923 0 1.14819573979 0
27.3718269213 6.48715104648 0 1.14071755354 0
27.4106522487 6.52867188456 0 1.1330729654 0
27.4495616474 6.56958245434 0 1.12526640755 0
27.4885509076 6.60987000667 0 1.1173025579 0
27.526833807 6.64873506969 0 1.10935013932 0
27.5667521729 6.68852506249 0 1.10092301681 0
27.6051710548 6.72610679044 0 1.09268750339 0
27.6452223654 6.76453505891 0 1.08397729005 0
27.6837607272 6.8007834752 0 1.07548152226 0
27.7625691451 6.87266313087 0 1.05778286562 0
27.8415626294 6.94164376437 0 1.03964823169 0
27.9207075012 7.00762338262 0 1.02114112578 0
27.9999700814 7.07049999252 0 1.00233273005 0
28.0793166909 7.130171601 0 9.833029E-01 0
28.1587136506 7.18653621496 0 9.641411E-01 0
28.2381272816 7.23949184133 0 9.449476E-01 0
28.3167301334 7.2884597548 0 9.260254E-01 0
28.3572053138 7.31231031926 0 9.163478E-01 0
28.3960767433 7.33432806132 0 9.071165E-01 0
28.4753393241 7.3764824209 0 8.885528E-01 0
28.5149285788 7.39613499776 0 8.794483E-01 0
28.5544841967 7.41482084048 0 8.704898E-01 0
28.6334776821 7.44924132696 0 8.530997E-01 0
28.6729071299 7.46495047245 0 8.447154E-01 0
28.7122861012 7.47964188725 0 8.365716E-01 0
28.7908757751 7.50592052828 0 8.211118E-01 0
28.8300780578 7.51748225622 0 8.138515E-01 0
28.8692130246 7.52797525695 0 8.069430E-01 0
28.9472641707 7.54570408017 0 7.943023E-01 0
28.9861719302 7.55291440441 0 7.886324E-01 0
29.0249955343 7.55900500487 0 7.834386E-01 0
29.1023734365 7.56777603796 0 7.746080E-01 0
29.1409193148 7.57043097231 0 7.710357E-01 0
29.1793641981 7.57191518634 0 7.680681E-01 0
29.2177038765 7.57221593093 0 7.657362E-01 0
29.2559353355 7.57132617356 0 7.641288E-01 0
29.2940603422 7.5692617482 0 7.632901E-01 0
29.3320818591 7.56604420542 0 7.631826E-01 0
29.407070742 7.55635589127 0 7.649741E-01 0
29.4448014275 7.54982985789 0 7.668115E-01 0
29.4824404139 7.54223647844 0 7.692205E-01 0
29.5199906637 7.53359730349 0 7.721599E-01 0
29.5574551393 7.52393388364 0 7.755887E-01 0
29.5948368034 7.51326776946 0 7.794666E-01 0
29.6321386183 7.50162051155 0 7.837537E-01 0
29.6693635465 7.4890136605 0 7.884112E-01 0
29.7065145507 7.47546876688 0 7.934013E-01 0
29.7806066364 7.44565105429 0 8.042342E-01 0
29.8175536429 7.4294213365 0 8.100080E-01 0
29.8544385753 7.41233977848 0 8.159762E-01 0
29.9280340674 7.37570734414 0 8.283735E-01 0
29.9647505521 7.35619956899 0 8.347453E-01 0
30.0014168126 7.33592615595 0 8.411966E-01 0
30.0738794317 7.29361036082 0 8.541083E-01 0
30.1111438734 7.27072759546 0 8.607845E-01 0
30.1469093189 7.24807606504 0 8.671871E-01 0
30.219797322 7.19990850543 0 8.801407E-01 0
30.2561955231 7.17489112815 0 8.865251E-01 0
30.2925671407 7.14928008667 0 8.928259E-01 0
30.3289151372 7.12309693158 0 8.990282E-01 0
30.3652424752 7.09636321346 0 9.051177E-01 0
30.4015521169 7.0691004829 0 9.110813E-01 0
30.4378470251 7.04133029048 0 9.169068E-01 0
30.4741301622 7.01307418679 0 9.225828E-01 0
30.5104044906 6.98435372241 0 9.280989E-01 0
30.5466729728 6.95519044794 0 9.334452E-01 0
30.5829385714 6.92560591395 0 9.386127E-01 0
30.6192042488 6.89562167103 0 9.435931E-01 0
30.6554729675 6.86525926978 0 9.483788E-01 0
30.6917476901 6.83454026077 0 9.529628E-01 0
30.7280313789 6.80348619459 0 9.573385E-01 0
30.7643269965 6.77211862182 0 9.615002E-01 0
30.8006375053 6.74045909306 0 9.654427E-01 0
30.836965868 6.70852915889 0 9.691610E-01 0
30.8733150469 6.67635036989 0 9.726510E-01 0
30.9096880045 6.64394427665 0 9.759089E-01 0
30.9460877033 6.61133242975 0 9.789314E-01 0
30.9825171059 6.57853637979 0 9.817156E-01 0
31.0189791747 6.54557767735 0 9.842591E-01 0
31.0547465499 6.5131411125 0 9.865162E-01 0
31.0912775388 6.47992044138 0 9.885192E-01 0
31.1278230288 6.44658036671 0 9.901615E-01 0
31.1643589889 6.41312146727 0 9.914449E-01 0
31.2015909291 6.37887157679 0 9.923861E-01 0
31.2373061964 6.34584950918 0 9.929427E-01 0
31.2736693819 6.31203760808 0 9.931620E-01 0
31.3460547622 6.24406485564 0 9.925557E-01 0
31.3820288953 6.20990516186 0 9.917368E-01 0
31.4178252824 6.17563069473 0 9.905791E-01 0
31.4887886955 6.10673975554 0 9.872651E-01 0
31.5587527545 6.03739666829 0 9.826523E-01 0
31.6275252125 5.96760606316 0 9.767865E-01 0
31.6949138225 5.89737257038 0 9.697208E-01 0
31.7607263375 5.82670082013 0 9.615170E-01 0
31.7929814822 5.7912020454 0 9.570102E-01 0
31.8247705106 5.75559544263 0 9.522463E-01 0
31.8560693917 5.71988159059 0 9.472360E-01 0
31.8868540947 5.68406106807 0 9.419907E-01 0
31.9171005888 5.64813445383 0 9.365225E-01 0
31.9461968233 5.61282399949 0 9.309599E-01 0
31.9753067678 5.57668903116 0 9.250898E-01 0
32.0038068913 5.54044969588 0 9.190384E-01 0
32.0316731629 5.5041065724 0 9.128217E-01 0
32.0588815518 5.46766023952 0 9.064567E-01 0
32.0854080272 5.431111276 0 8.999618E-01 0
32.1112285581 5.39446026062 0 8.933564E-01 0
32.1363191137 5.35770777215 0 8.866613E-01 0
32.1606556631 5.32085438938 0 8.798987E-01 0
32.2069706198 5.246847256 0 8.662672E-01 0
32.2289009654 5.20969466295 0 8.594502E-01 0
32.2499811814 5.17244349068 0 8.526698E-01 0
32.2894951007 5.09764772364 0 8.393413E-01 0
32.3078807424 5.06010428641 0 8.328589E-01 0
32.3253201309 5.02246458507 0 8.265447E-01 0
32.357264025 4.94689870517 0 8.145726E-01 0
32.3714414752 4.90973310721 0 8.091036E-01 0
32.3848766254 4.87171601051 0 8.038480E-01 0
32.3974821957 4.83284237391 0 7.988714E-01 0
32.4085251143 4.79540225046 0 7.945002E-01 0
32.418882169 4.75633989784 0 7.904262E-01 0
32.4277176486 4.7187195934 0 7.870159E-01 0
32.4355828556 4.68024137542 0 7.840937E-01 0
32.4422619814 4.64167266952 0 7.817839E-01 0
32.4477309951 4.60301405446 0 7.801363E-01 0
32.4520451453 4.56349027308 0 7.792271E-01 0
32.4549978616 4.52542963933 0 7.791187E-01 0
32.4568236891 4.4865053094 0 7.797493E-01 0
32.4574677039 4.44749389693 0 7.810950E-01 0
32.4569473496 4.40839615121 0 7.831205E-01 0
32.4552800696 4.36921282152 0 7.857898E-01 0
32.4524833074 4.32994465713 0 7.890660E-01 0
32.4435711101 4.2511568214 0 7.972903E-01 0
32.437490562 4.21163864862 0 8.021639E-01 0
32.4303503055 4.17203863827 0 8.074961E-01 0
32.4129604411 4.09259610198 0 8.193921E-01 0
32.4027457202 4.0527550746 0 8.258861E-01 0
32.3915410648 4.01283520677 0 8.326992E-01 0
32.3793639182 3.97283724778 0 8.397990E-01 0
32.3662317241 3.9327619469 0 8.471545E-01 0
32.3524523974 3.89341383705 0 8.545821E-01 0
32.3371719668 3.85238231661 0 8.625143E-01 0
32.3216058779 3.81288627345 0 8.703023E-01 0
32.3048454624 3.77251057739 0 8.783920E-01 0
32.2872168677 3.73206127086 0 8.866015E-01 0
32.2687375374 3.69153910314 0 8.949072E-01 0
32.2494249147 3.65094482351 0 9.032870E-01 0
32.2292964433 3.61027918126 0 9.117197E-01 0
32.2083695665 3.56954292567 0 9.201856E-01 0
32.1866617278 3.52873680601 0 9.286657E-01 0
32.1641903708 3.48786157156 0 9.371424E-01 0
32.1409729387 3.44691797162 0 9.455991E-01 0
32.1170268752 3.40590675545 0 9.540200E-01 0
32.0923696237 3.36482867234 0 9.623903E-01 0
32.0670186275 3.32368447157 0 9.706962E-01 0
32.0409913303 3.28247490241 0 9.789245E-01 0
32.0143051754 3.24120071416 0 9.870631E-01 0
31.9869776063 3.19986265609 0 9.951003E-01 0
31.9590260665 3.15846147749 0 1.00302529738 0
31.9304679994 3.11699792762 0 1.01082800975 0
31.9013208485 3.07547275578 0 1.0184988724 0
31.8716020573 3.03388671124 0 1.0260289489 0
31.8413290692 2.99224054329 0 1.03340986205 0
31.8105193276 2.9505350012 0 1.04063376205 0
31.7791902761 2.90877083426 0 1.04769329644 0
31.7473593581 2.86694879175 0 1.05458158189 0
31.715044017 2.82506962294 0 1.06129217775 0
31.6496987694 2.74198326736 0 1.07403174344 0
31.5819728143 2.65783919966 0 1.08612611764 0
31.5126566408 2.57348155246 0 1.09740489928 0
31.4418779789 2.48891544226 0 1.10808399477 0
31.3697172883 2.40414247455 0 1.11839166486 0
31.3331401328 2.36167864654 0 1.12340164298 0
31.2962432108 2.31916337706 0 1.1283134524 0
31.2590351026 2.27659675706 0 1.13312549817 0
31.2215243885 2.23397887752 0 1.13783626398 0
31.1456294633 2.14858970368 0 1.14694826614 0
31.0686270772 2.06299658327 0 1.15563879216 0
31.0297320369 2.02012377052 0 1.15982296648 0
30.9905858721 1.97720024403 0 1.16389825821 0
30.9511971631 1.93422609476 0 1.16786362631 0
30.9115744901 1.89120141369 0 1.17171808844 0
30.8717264333 1.84812629178 0 1.17546071916 0
30.831661573 1.80500081999 0 1.17909064802 0
30.7913884894 1.76182508929 0 1.18260705793 0
30.7517271184 1.71946419969 0 1.18594226575 0
30.7102519735 1.67532321506 0 1.18929630984 0
30.6702243598 1.63286426195 0 1.19240547888 0
30.6283855274 1.5886213968 0 1.19552294682 0
30.5880253058 1.54606473679 0 1.1984036487 0
30.5051985981 1.45906635193 0 1.20393236712 0
30.4218128788 1.37186983511 0 1.20898793255 0
30.3379367898 1.28447591408 0 1.2135673194 0
30.2958363073 1.24070515439 0 1.21567767877 0
30.2536389732 1.19688531656 0 1.2176681523 0
30.210506814 1.15213861599 0 1.21957472288 0
30.1689880707 1.10909877029 0 1.22128868461 0
30.126551663 1.06513224379 0 1.22291845978 0
30.0840527246 1.02111700301 0 1.22442778105 0
30.0414998357 9.770531E-01 0 1.22581659983 0
29.9989015766 9.329407E-01 0 1.22708490426 0
29.9562665275 8.887799E-01 0 1.22823271899 0
29.9136032687 8.445707E-01 0 1.22926010503 0
29.8709203805 8.003133E-01 0 1.23016715961 0
29.828226443 7.560077E-01 0 1.23095401617 0
29.7855300365 7.116540E-01 0 1.23162084431 0
29.7428397414 6.672523E-01 0 1.23216784987 0
29.7001641377 6.228027E-01 0 1.232595275 0
29.6583645688 5.791957E-01 0 1.23289840308 0
29.6148913258 5.337602E-01 0 1.23309253531 0
29.5731624274 4.900598E-01 0 1.23316278823 0
29.529780243 4.445273E-01 0 1.23311529639 0
29.4881556495 4.007338E-01 0 1.23295420012 0
29.4448995311 3.551045E-01 0 1.23266682602 0
29.4034113612 3.112184E-01 0 1.23233676442 0
29.3611494415 2.663904E-01 0 1.23200924938 0
29.3189601301 2.215162E-01 0 1.23169101697 0
29.2768423436 1.765964E-01 0 1.23138197409 0
29.2347949987 1.316314E-01 0 1.23108202873 0
29.1928170121 8.662192E-02 0 1.23079109004 0
29.1500697952 4.066688E-02 0 1.23050351821 0
29.1090647805 -3.528608E-03 0 1.23023587495 0
29.0672883689 -4.866855E-02 0 1.22997142261 0
29.0255769822 -9.385088E-02 0 1.22971562503 0
28.9839295373 -1.390751E-01 0 1.22946839717 0
28.9423449508 -1.843406E-01 0 1.22922965516 0
28.9008221393 -2.296468E-01 0 1.22899931631 0
28.8593600195 -2.749933E-01 0 1.22877729915 0
28.8179575081 -3.203795E-01 0 1.2285635234 0
28.7766135219 -3.658048E-01 0 1.22835790999 0
28.7353269774 -4.112687E-01 0 1.22816038107 0
28.6940967913 -4.567707E-01 0 1.22797086001 0
28.6537448439 -5.013990E-01 0 1.22779282593 0
28.6126230516 -5.469748E-01 0 1.22761893918 0
28.5715543894 -5.925870E-01 0 1.22745283925 0
28.5297179652 -6.391484E-01 0 1.22729136496 0
28.4887533216 -6.848325E-01 0 1.227140777 0
28.4486563507 -7.296368E-01 0 1.22700054963 0
28.4077893759 -7.753893E-01 0 1.22686489249 0
28.3669701147 -8.211756E-01 0 1.22673667622 0
28.3261974838 -8.669951E-01 0 1.22661583542 0
28.2854703998 -9.128473E-01 0 1.22650230597 0
28.2447877793 -9.587315E-01 0 1.22639602503 0
28.2041485391 -1.00464732358 0 1.22629693105 0
28.1635515959 -1.05059417133 0 1.22620496375 0
28.1229958664 -1.0965715056 0 1.22612006416 0
28.0824802671 -1.14257878464 0 1.2260421746 0
28.0420037148 -1.18861546672 0 1.2259712387 0
28.0015651262 -1.23468101009 0 1.22590720138 0
27.961163418 -1.28077487301 0 1.22585000888 0
27.9207975067 -1.32689651375 0 1.22579960874 0
27.8804663092 -1.37304539056 0 1.22575594982 0
27.8401687421 -1.4192209617 0 1.2257189823 0
27.7999037221 -1.46542268543 0 1.22568865767 0
27.7596701658 -1.51165002 0 1.22566492875 0
27.7194669899 -1.55790242369 0 1.22564774969 0
27.6792931112 -1.60417935474 0 1.22563707595 0
27.63995009 -1.64955402153 0 1.22563288553 0
27.5990289118 -1.69680463199 0 1.22563507303 0
27.5589364244 -1.7431518947 0 1.22564366145 0
27.5196700137 -1.78859390972 0 1.22565822996 0
27.4788252579 -1.83591295959 0 1.22567982211 0
27.399605057 -1.92783026339 0 1.22574031347 0
27.3596261536 -1.97428351216 0 1.22578011596 0
27.3196668191 -2.02075642345 0 1.22582608382 0
27.2797259702 -2.06724845554 0 1.22587818589 0
27.2398025236 -2.11375906668 0 1.22593639237 0
27.1600035037 -2.20683385917 0 1.22607100609 0
27.1201257639 -2.25339695702 0 1.22614736047 0
27.0802610931 -2.29997646697 0 1.22622971355 0
27.0404084079 -2.34657184726 0 1.22631804228 0
27.000566625 -2.39318255616 0 1.22641232498 0
26.9607346611 -2.43980805193 0 1.2265125413 0
26.920911433 -2.48644779283 0 1.22661867227 0
26.8810958572 -2.53310123711 0 1.22673070026 0
26.8412868505 -2.57976784303 0 1.226848609 0
26.7616842109 -2.67313837285 0 1.22710201048 0
26.7226843018 -2.71890704691 0 1.22723471095 0
26.6820948476 -2.76655504836 0 1.22737877367 0
26.6423024364 -2.8132793364 0 1.22752588965 0
26.6033059474 -2.85907875802 0 1.2276757018 0
26.5627167379 -2.90675710432 0 1.22783754973 0
26.5237172207 -2.9525743698 0 1.22799873419 0
26.4839186602 -2.99933489177 0 1.22816894559 0
26.4441158573 -3.04610316882 0 1.22834494968 0
26.4043077285 -3.0928786592 0 1.22852674508 0
26.3644931907 -3.13966082116 0 1.22871433176 0
26.3246711604 -3.18644911298 0 1.22890771102 0
26.2848405543 -3.2332429929 0 1.22910688553 0
26.2450002891 -3.28004191918 0 1.22931185931 0
26.2051492816 -3.3268453501 0 1.22952263772 0
26.1652864483 -3.3736527439 0 1.22973922746 0
26.1254107059 -3.42046355884 0 1.22996163657 0
26.0855209712 -3.46727725318 0 1.23018987447 0
26.0456161608 -3.51409328519 0 1.23042395187 0
26.0056951914 -3.56091111312 0 1.23066388084 0
25.9657569797 -3.60773019523 0 1.23090967482 0
25.9258004423 -3.65454998978 0 1.23116134853 0
25.885824496 -3.70136995503 0 1.23141891805 0
25.8458280573 -3.74818954924 0 1.23168240081 0
25.8058100431 -3.79500823066 0 1.23195181553 0
25.7657693699 -3.84182545756 0 1.23222718229 0
25.7265064825 -3.88770440665 0 1.23250283698 0
25.6856160852 -3.9354534791 0 1.23278602299 0
25.6463059298 -3.98132757596 0 1.23304544765 0
25.6061709936 -4.02813540454 0 1.23329736692 0
25.5652109602 -4.07587682916 0 1.23354099047 0
25.5258368936 -4.1217436189 0 1.23376236251 0
25.4856397666 -4.16854403243 0 1.23397541234 0
25.4454239461 -4.21534200202 0 1.23417548021 0
25.4051904505 -4.26213754154 0 1.23436255441 0
25.3649402983 -4.30893066487 0 1.23453662381 0
25.3246745078 -4.35572138587 0 1.23469767789 0
25.2843940974 -4.40250971843 0 1.23484570676 0
25.2441000856 -4.4492956764 0 1.23498070108 0
25.2037934908 -4.49607927367 0 1.23510265216 0
25.1634753313 -4.54286052411 0 1.23521155188 0
25.1231466255 -4.58963944158 0 1.23530739272 0
25.082808392 -4.63641603996 0 1.23539016775 0
25.042461649 -4.68319033312 0 1.23545987067 0
25.0021074149 -4.72996233493 0 1.23551649572 0
24.9617467083 -4.77673205926 0 1.23556003778 0
24.9213805474 -4.82349952 0 1.23559049229 0
24.8810099508 -4.870264731 0 1.23560785531 0
24.8406359367 -4.91702770614 0 1.23561212348 0
24.8010670688 -4.96285326592 0 1.23560359897 0
24.7606892928 -5.00961185499 0 1.23558193171 0
24.7195035741 -5.05730335513 0 1.23554633407 0
24.6799336115 -5.10312246343 0 1.23549929207 0
24.639557743 -5.14987451054 0 1.23543831826 0
24.5991845471 -5.19662440476 0 1.23536424182 0
24.5580076969 -5.24430709332 0 1.23527518631 0
24.518450247 -5.29011778995 0 1.23517678468 0
24.4780911796 -5.33686130868 0 1.23506340728 0
24.4377388584 -5.38360272999 0 1.23493693385 0
24.3973943019 -5.43034206776 0 1.23479736751 0
24.3570585285 -5.47707933585 0 1.23464471199 0
24.3167325566 -5.52381454814 0 1.2344789716 0
24.2361140908 -5.61727886081 0 1.23410825644 0
24.1555470519 -5.71073511673 0 1.23368526847 0
24.1152853635 -5.75746025809 0 1.2334541893 0
24.075039587 -5.80418342688 0 1.23321006368 0
23.9945998434 -5.89762390224 0 1.23268270768 0
23.9544079131 -5.94434123656 0 1.23239949611 0
23.9150392047 -5.99012236414 0 1.23210932753 0
23.8347584649 -6.08354757842 0 1.231478424 0
23.7545698066 -6.17696528973 0 1.23079562317 0
23.7137116716 -6.22460546923 0 1.23042744494 0
23.6744813771 -6.27037560904 0 1.23006102946 0
23.6344772941 -6.31707803138 0 1.22967434563 0
23.5945013235 -6.36377864733 0 1.22927475723 0
23.5146377932 -6.45717451556 0 1.22843693078 0
23.4747522703 -6.5038697956 0 1.22799872631 0
23.4348989334 -6.55056332473 0 1.22754768447 0
23.3552928913 -6.6439451858 0 1.22660716281 0
23.2758278141 -6.73732020974 0 1.22561552059 0
23.2361506834 -6.78400519248 0 1.22510058045 0
23.1965118491 -6.83068850755 0 1.2245729229 0
23.1569123297 -6.87737016882 0 1.22403257021 0
23.1173531436 -6.92405019018 0 1.22347954532 0
23.0391489321 -7.01647184866 0 1.22234726352 0
22.9989277687 -7.06408055344 0 1.2217446768 0
22.9603274113 -7.10982069726 0 1.22115339829 0
22.9201978559 -7.15742618366 0 1.22052518737 0
22.8816875101 -7.20316326251 0 1.21990934175 0
22.8416537178 -7.25076558713 0 1.21925561672 0
22.8032373758 -7.29649965538 0 1.21861531244 0
22.7640860172 -7.34316557185 0 1.21794962934 0
22.7249851556 -7.38982998684 0 1.21727154006 0
22.6469389969 -7.48315436789 0 1.21587826553 0
22.6079957365 -7.52981436168 0 1.21516314339 0
22.5691070467 -7.57647290948 0 1.21443574126 0
22.5302739459 -7.62313002516 0 1.21369609249 0
22.4914974524 -7.66978572259 0 1.2129442312 0
22.4527785847 -7.71644001565 0 1.21218019222 0
22.4141183612 -7.76309291821 0 1.21140401113 0
22.3755178002 -7.80974444413 0 1.21061572428 0
22.3369779203 -7.8563946073 0 1.20981536877 0
22.2984997397 -7.90304342158 0 1.20900298246 0
22.260084277 -7.94969090085 0 1.20817860398 0
22.2217325504 -7.99633705897 0 1.20734227276 0
22.1834455784 -8.04298190982 0 1.206494029 0
22.1452243795 -8.08962546727 0 1.20563391369 0
22.107069972 -8.13626774519 0 1.20476196861 0
22.0689833742 -8.18290875746 0 1.20387823637 0
22.0309656048 -8.22954851794 0 1.20298276038 0
21.9930176819 -8.27618704052 0 1.20207558486 0
21.9551406241 -8.32282433905 0 1.20115675487 0
21.9173354497 -8.36946042742 0 1.2002263163 0
21.8796031771 -8.41609531949 0 1.19928431589 0
21.8419448248 -8.46272902913 0 1.19833080122 0
21.8043614112 -8.50936157023 0 1.19736582073 0
21.7668532074 -8.55598973328 0 1.19626675473 0
21.7294174956 -8.60259741533 0 1.19491048327 0
21.6927974906 -8.64823444769 0 1.19333127723 0
21.6554950908 -8.69474456086 0 1.191464363 0
21.6182548575 -8.7411766006 0 1.18933928581 0
21.5810733256 -8.78751124059 0 1.18695616159 0
21.5439470302 -8.83372915453 0 1.18431532912 0
21.5061315201 -8.88073113284 0 1.18135677565 0
21.4698462889 -8.92573749892 0 1.17826302731 0
21.4328649131 -8.97148927675 0 1.17485338043 0
21.3959249139 -9.01704702324 0 1.17118968017 0
21.3590228263 -9.06239141207 0 1.16727344016 0
21.3221551852 -9.10750311692 0 1.16310642703 0
21.2853185259 -9.15236281148 0 1.15869066846 0
21.2485093832 -9.19695116943 0 1.15402846232 0
21.2117242921 -9.24124886445 0 1.14912238681 0
21.1749597878 -9.28523657021 0 1.14397531165 0
21.1382124052 -9.32889496041 0 1.13859041054 0
21.1014786794 -9.37220470872 0 1.13297117471 0
21.0647551453 -9.41514648882 0 1.12712142782 0
21.0280383381 -9.4577009744 0 1.12104534225 0
20.9913247926 -9.49984883914 0 1.11474745674 0
20.954611044 -9.54157075672 0 1.10823269564 0
20.9178936272 -9.58284740082 0 1.10150638973 0
20.8811690774 -9.62365944511 0 1.0945742987 0
20.8444339294 -9.6639875633 0 1.08744263552 0
20.8076847183 -9.70381242904 0 1.08011809256 0
20.7716535082 -9.74233391657 0 1.07275984479 0
20.7348662299 -9.78110532599 0 1.06507515945 0
20.6612150422 -9.85694628391 0 1.04920527155 0
20.6243442028 -9.89397717978 0 1.041038511 0
20.5874385798 -9.93038925183 0 1.03273060839 0
20.5504947082 -9.96616317374 0 1.02429250761 0
20.5135091229 -10.0012796192 0 1.01573591862 0
20.4764783591 -10.0357192619 0 1.00707336404 0
20.4393989517 -10.0694627755 0 9.983182E-01 0
20.4022674358 -10.1024908336 0 9.894848E-01 0
20.3650803464 -10.1347841101 0 9.805884E-01 0
20.3278342185 -10.1663232785 0 9.716452E-01 0
20.2905255872 -10.1970890125 0 9.626726E-01 0
20.2531509873 -10.2270619858 0 9.536892E-01 0
20.2157069541 -10.2562228721 0 9.447145E-01 0
20.1781900225 -10.2845523451 0 9.357696E-01 0
20.1405967274 -10.3120310785 0 9.268767E-01 0
20.0659231543 -10.3638534766 0 9.095157E-01 0
20.0280835945 -10.3886841722 0 9.008877E-01 0
19.9894058301 -10.4130667226 0 8.921616E-01 0
19.9141208959 -10.4576395265 0 8.754867E-01 0
19.8760106949 -10.4787501536 0 8.672236E-01 0
19.8378518624 -10.4989090784 0 8.590852E-01 0
19.7614187488 -10.5363371252 0 8.432431E-01 0
19.7231596906 -10.5535888992 0 8.355709E-01 0
19.6848824469 -10.5698542748 0 8.280869E-01 0
19.6083038487 -10.5993911347 0 8.137542E-01 0
19.5700177173 -10.612645271 0 8.069428E-01 0
19.5317438462 -10.6248783129 0 8.003936E-01 0
19.4552633313 -10.6462464169 0 7.881635E-01 0
19.4170719105 -10.6553641311 0 7.825243E-01 0
19.378923196 -10.6634260546 0 7.772310E-01 0
19.3027843322 -10.6763478338 0 7.677703E-01 0
19.2648094059 -10.6811903413 0 7.636475E-01 0
19.226907632 -10.684942362 0 7.599595E-01 0
19.1521077245 -10.6891202596 0 7.540275E-01 0
19.1137173392 -10.6895687635 0 7.517270E-01 0
19.0769338861 -10.6888971132 0 7.500285E-01 0
19.0022042782 -10.6841392332 0 7.481993E-01 0
18.9650250894 -10.680038083 0 7.481473E-01 0
18.9279772781 -10.6747828358 0 7.487910E-01 0
18.8910558832 -10.668392861 0 7.501996E-01 0
18.8542534287 -10.6608931364 0 7.523224E-01 0
18.817562439 -10.6523086397 0 7.551087E-01 0
18.7809754382 -10.6426643488 0 7.585074E-01 0
18.7444849506 -10.6319852415 0 7.624679E-01 0
18.7080835004 -10.6202962957 0 7.669407E-01 0
18.6717636117 -10.6076224891 0 7.718770E-01 0
18.6355178089 -10.5939887997 0 7.772295E-01 0
18.5632185575 -10.5639416834 0 7.890030E-01 0
18.4911259398 -10.5303547695 0 8.019182E-01 0
18.4551384292 -10.5122963331 0 8.087056E-01 0
18.4191801497 -10.4934278807 0 8.156645E-01 0
18.3839621911 -10.4741749918 0 8.226181E-01 0
18.3473213807 -10.4533608394 0 8.299640E-01 0
18.2762082039 -10.4107974407 0 8.444247E-01 0
18.2402841792 -10.3882670338 0 8.517759E-01 0
18.2043446804 -10.3650759785 0 8.591267E-01 0
18.1683822317 -10.3412492525 0 8.664549E-01 0
18.1323893574 -10.3168118336 0 8.737401E-01 0
18.0963585815 -10.2917886998 0 8.809632E-01 0
18.0602824284 -10.2662048287 0 8.881069E-01 0
18.0241540102 -10.2400825168 0 8.952215E-01 0
17.9879687901 -10.2134333343 0 9.023638E-01 0
17.9517228194 -10.1862661702 0 9.095274E-01 0
17.9154121495 -10.1585899131 0 9.167061E-01 0
17.8790328314 -10.1304134521 0 9.238940E-01 0
17.8425809166 -10.1017456759 0 9.310856E-01 0
17.8060524562 -10.0725954733 0 9.382757E-01 0
17.7694435015 -10.0429717332 0 9.454594E-01 0
17.7327501037 -10.0128833444 0 9.526318E-01 0
17.695968314 -9.98233919582 0 9.597886E-01 0
17.6590941838 -9.95134817619 0 9.669256E-01 0
17.6221237643 -9.91991917438 0 9.740389E-01 0
17.5857955276 -9.88870238876 0 9.809833E-01 0
17.5478782621 -9.85578277958 0 9.881795E-01 0
17.5105952819 -9.82309316425 0 9.952000E-01 0
17.4739492427 -9.79066684923 0 1.00204385239 0
17.4364405045 -9.75718905272 0 1.0089875719 0
17.3988118633 -9.72332642927 0 1.01588837377 0
17.3610593706 -9.68908786771 0 1.02274372424 0
17.3224201408 -9.65378646181 0 1.02968690922 0
17.285167035 -9.61951848562 0 1.03630878902 0
17.2087319079 -9.54855201713 0 1.04966581608 0
17.131722399 -9.47625957292 0 1.06280030066 0
17.0541069184 -9.40271226367 0 1.07570000263 0
16.975853876 -9.32798120007 0 1.08835478436 0
16.8969316819 -9.2521374928 0 1.10075646544 0
16.8173087459 -9.17525225254 0 1.11289869323 0
16.7369534781 -9.09739658997 0 1.12477682763 0
16.6558342883 -9.01864161578 0 1.13638783897 0
16.5739195866 -8.93905844064 0 1.14773021766 0
16.5326540469 -8.89897849981 0 1.15330059387 0
16.4920093989 -8.859525092 0 1.15869448472 0
16.4084176465 -8.77850535482 0 1.1695034244 0
16.323935928 -8.69687003764 0 1.18004754166 0
16.2385326532 -8.61469025114 0 1.19033069012 0
16.1954755604 -8.57341840398 0 1.19537593712 0
16.1521762323 -8.532037106 0 1.20035793267 0
16.0648350751 -8.4489817129 0 1.21013550087 0
16.0207853485 -8.40732539545 0 1.21493291525 0
15.9764775916 -8.36559518253 0 1.21967075979 0
15.9319078556 -8.32379996295 0 1.22435012724 0
15.8870721918 -8.28194862556 0 1.22897217764 0
15.8419666513 -8.24005005919 0 1.23353813759 0
15.7965872856 -8.19811315268 0 1.23804929954 0
15.7509301457 -8.15614679487 0 1.24250702118 0
15.704994257 -8.11415881952 0 1.24682348479 0
15.658790541 -8.07215284016 0 1.25090905994 0
15.6132644447 -8.03097197857 0 1.25468770824 0
15.5656352088 -7.98809710326 0 1.25838261293 0
15.5196519865 -7.94689344013 0 1.26170290569 0
15.4715753131 -7.90400005188 0 1.26491857341 0
15.4251894351 -7.86278361639 0 1.26777647097 0
15.3776741132 -7.82072336868 0 1.27045777651 0
15.3299879546 -7.77866297502 0 1.27290096568 0
15.2821448546 -7.7366049939 0 1.27510526676 0
15.2341587088 -7.69455198375 0 1.2770699672 0
15.1860434127 -7.65250650305 0 1.27879441171 0
15.1378128618 -7.61047111027 0 1.28027800065 0
15.0894809515 -7.56844836385 0 1.28152018851 0
15.0410615774 -7.52644082227 0 1.28252048257 0
14.992568635 -7.48445104399 0 1.28327844172 0
14.9440160198 -7.44248158746 0 1.28379367542 0
14.8954176272 -7.40053501116 0 1.28406584282 0
14.8467873528 -7.35861387354 0 1.28409465202 0
14.7981390921 -7.31672073307 0 1.28387985946 0
14.7494867404 -7.27485814821 0 1.28342126944 0
14.7008441935 -7.23302867742 0 1.28271873383 0
14.6522253466 -7.19123487917 0 1.28177215181 0
14.6036440954 -7.14947931192 0 1.28058146986 0
14.5551143354 -7.10776453412 0 1.27914668182 0
14.5066499619 -7.06609310425 0 1.27746782907 0
14.4582648706 -7.02446758076 0 1.27554500092 0
14.4099729569 -6.98289052212 0 1.27337833508 0
14.3617881163 -6.94136448679 0 1.27096801827 0
14.3137242443 -6.89989203323 0 1.26831428702 0
14.266752405 -6.85930347946 0 1.26547774633 0
14.2180149881 -6.81711810529 0 1.26227778215 0
14.1703973949 -6.77582174783 0 1.25889573976 0
14.1229563523 -6.73458920599 0 1.25527174813 0
14.0766488115 -6.69424569457 0 1.2514859814 0
14.0295983336 -6.65314705564 0 1.24738446924 0
13.9827658148 -6.61211985655 0 1.24304267871 0
13.9361651507 -6.57116665577 0 1.23846129111 0
13.8898102368 -6.53029001175 0 1.2336410522 0
13.8437149685 -6.48949248296 0 1.22858277482 0
13.7978932413 -6.44877662786 0 1.22328734181 0
13.7523589508 -6.40814500492 0 1.21775570918 0
13.7071259925 -6.36760017259 0 1.21198890958 0
13.6622082618 -6.32714468934 0 1.2059880561 0
13.6176188181 -6.28677919621 0 1.19986881355 0
13.5733673765 -6.24649666457 0 1.19374751415 0
13.529462816 -6.20628814837 0 1.18762648883 0
13.4859140155 -6.16614470154 0 1.18150827817 0
13.442729854 -6.12605737804 0 1.17539563783 0
13.3999192105 -6.08601723181 0 1.16929154406 0
13.357490964 -6.04601531679 0 1.16319919935 0
13.3154539933 -6.00604268693 0 1.15712203806 0
13.2738171775 -5.96609039618 0 1.1510637322 0
13.2325893955 -5.92614949849 0 1.14502819715 0
13.1917795264 -5.88621104779 0 1.13901959747 0
13.151396449 -5.84626609804 0 1.13304235251 0
13.1114490423 -5.80630570318 0 1.12710114219 0
13.0719461854 -5.76632091715 0 1.12120091242 0
12.9950767908 -5.68704406775 0 1.10966004378 0
12.9193057892 -5.60676302412 0 1.09823128675 0
12.8821489994 -5.56652356155 0 1.09261836062 0
12.8454898555 -5.52620621042 0 1.08708182414 0
12.8093372365 -5.48580202466 0 1.08162861368 0
12.7737000213 -5.44530205823 0 1.07626596504 0
12.738587089 -5.40469736506 0 1.07100141512 0
12.7040073185 -5.3639789991 0 1.06584280285 0
12.6364827787 -5.28216546462 0 1.05587625568 0
12.5711974337 -5.19978988634 0 1.04643504581 0
12.5082223152 -5.11678069582 0 1.03759260363 0
12.4776232883 -5.07501613084 0 1.03342011096 0
12.4476284549 -5.03306632464 0 1.02942688095 0
12.3894868847 -4.94857520435 0 1.02202005845 0
12.3613579057 -4.90601599816 0 1.01862797368 0
12.3338686362 -4.86323576653 0 1.01545813306 0
12.307027955 -4.82022556341 0 1.01252179317 0
12.2808447411 -4.77697644274 0 1.00983037341 0
12.2553278736 -4.73347945847 0 1.00739543125 0
12.2304862313 -4.68972566454 0 1.00522863523 0
12.2068050823 -4.64658916817 0 1.00337665453 0
12.1833265808 -4.60230049847 0 1.00177550305 0
12.1601014457 -4.55683396428 0 1.00045484864 0
12.1384835105 -4.51286380633 0 9.994948E-01 0
12.1167171627 -4.46679143817 0 9.988292E-01 0
12.0965182102 -4.42222167017 0 9.985214E-01 0
12.0766369213 -4.37642619545 0 9.985539E-01 0
12.0575017118 -4.33030252155 0 9.989478E-01 0
12.0391214607 -4.28384170243 0 9.997143E-01 0
12.021505047 -4.23703479204 0 1.00086408281 0
11.9885992474 -4.1423469132 0 1.00435600637 0
11.9733234253 -4.09445067864 0 1.00664215925 0
11.9588217907 -4.04618832457 0 1.00918020785 0
11.9450780571 -3.99756666091 0 1.01195053319 0
11.9320759376 -3.94859249759 0 1.01493393011 0
11.9197991457 -3.89927264455 0 1.01811164371 0
11.9082313946 -3.8496139117 0 1.02146540018 0
11.8973563976 -3.79962310898 0 1.0249774324 0
11.8871578682 -3.74930704632 0 1.02863050063 0
11.8776195195 -3.69867253363 0 1.03240790856 0
11.868725065 -3.64772638085 0 1.03629351512 0
11.8604582179 -3.59647539791 0 1.04027174254 0
11.8528026915 -3.54492639473 0 1.04432758084 0
11.8457421992 -3.49308618125 0 1.04844658932 0
11.8392604542 -3.44096156738 0 1.05261489527 0
11.83334117 -3.38855936307 0 1.05681919031 0
11.8279680598 -3.33588637822 0 1.06104672473 0
11.8231248369 -3.28294942279 0 1.06528529999 0
11.8188768791 -3.23082166513 0 1.0694385795 0
11.8150347842 -3.17738213855 0 1.07366514033 0
11.8116116253 -3.12262283216 0 1.07795335827 0
11.8087783666 -3.0697788643 0 1.08204175213 0
11.8063314707 -3.01562873647 0 1.08617209283 0
11.8043170677 -2.96125536142 0 1.09025146573 0
11.8027188709 -2.90666554906 0 1.0942712201 0
11.8015205938 -2.85186610933 0 1.09822316353 0
11.8007059496 -2.79686385215 0 1.10209954889 0
11.8002586516 -2.74166558746 0 1.10589306131 0
11.8001624132 -2.68627812517 0 1.10959680546 0
11.8004009477 -2.63070827522 0 1.11320429305 0
11.8009579683 -2.57496284754 0 1.11670943071 0
11.8018171884 -2.51904865205 0 1.12010650822 0
11.8029623213 -2.46297249868 0 1.12339018718 0
11.8043770804 -2.40674119736 0 1.1265554902 0
11.8060451789 -2.35036155801 0 1.12959779055 0
11.8079503302 -2.29384039057 0 1.13251280231 0
11.8100762476 -2.23718450496 0 1.1352965711 0
11.8124066443 -2.18040071111 0 1.13794546535 0
11.8148731231 -2.1246350595 0 1.14040732833 0
11.8175603401 -2.06761809798 0 1.14277968132 0
11.8204035022 -2.0104935218 0 1.14500817434 0
11.8234472918 -1.95212265184 0 1.14713052221 0
11.8265557853 -1.8948014657 0 1.14906132836 0
11.8297057922 -1.83854220461 0 1.15080770525 0
11.8330098678 -1.78105526909 0 1.15243938808 0
11.8363910206 -1.72349368985 0 1.1539916447 0
11.8398457919 -1.66585888332 0 1.15553775784 0
11.8433732884 -1.60815118724 0 1.15707765875 0
11.8469726169 -1.55037093935 0 1.1586112799 0
11.8506428841 -1.49251847737 0 1.16013855495 0
11.8543831968 -1.43459413903 0 1.16165941875 0
11.8581926618 -1.37659826208 0 1.16317380733 0
11.8660154757 -1.26039324325 0 1.16618290875 0
11.8741041799 -1.14390612273 0 1.16916537053 0
11.8824516286 -1.0271396024 0 1.17212072211 0
11.891050676 -9.100964E-01 0 1.17504851071 0
11.8998045545 -7.939537E-01 0 1.17791944307 0
11.9044053629 -7.340187E-01 0 1.17938756543 0
11.9088830239 -6.763679E-01 0 1.18079110303 0
11.9181917258 -5.585135E-01 0 1.18363394904 0
11.9229301808 -4.994863E-01 0 1.18504444586 0
11.9277235143 -4.403931E-01 0 1.18644759609 0
11.9374712437 -3.220095E-01 0 1.1892316754 0
11.9424238531 -2.627199E-01 0 1.19061251627 0
11.9474277681 -2.033655E-01 0 1.19198583413 0
11.9575859415 -8.446358E-02 0 1.19470973515 0
11.9627384136 -2.491680E-02 0 1.19606023787 0
11.9679386183 3.469342E-02 0 1.19740305671 0
11.9784786524 1.541028E-01 0 1.20006549224 0
11.9838166954 2.139013E-01 0 1.20138503602 0
11.9891988981 2.737619E-01 0 1.20269675007 0
11.9946243672 3.336843E-01 0 1.20400060022 0
11.9999824432 3.924678E-01 0 1.20527071175 0
12.0110400506 5.126158E-01 0 1.20783911604 0
12.0222565034 6.330054E-01 0 1.21037555713 0
12.0279220638 6.932900E-01 0 1.21163171766 0
12.0336246559 7.536339E-01 0 1.21287980054 0
12.0393633864 8.140369E-01 0 1.21411977861 0
12.045253195 8.757085E-01 0 1.21537617939 0
12.0567874763 9.955970E-01 0 1.2177908251 0
12.0685678524 1.11692608927 0 1.22019720545 0
12.0745046557 1.17767635726 0 1.22138803151 0
12.0804713448 1.23848331714 0 1.22257058611 0
12.0864670264 1.29934663115 0 1.22374484873 0
12.0924908074 1.36026596158 0 1.22491079964 0
12.1046190946 1.48227132073 0 1.22721769144 0
12.1107218143 1.54335667399 0 1.22835859686 0
12.1168490604 1.60449669272 0 1.22949111962 0
12.129173559 1.72693937569 0 1.23173095484 0
12.135369025 1.78824136447 0 1.23283823805 0
12.1415854445 1.84959666778 0 1.23393708013 0
12.153952276 1.97123613506 0 1.23608783538 0
12.1603514916 2.03397908768 0 1.23718283623 0
12.1665168022 2.09431246111 0 1.23822657831 0
12.1791473492 2.2175953177 0 1.24033133414 0
12.1856120474 2.28054822871 0 1.24139165022 0
12.1918367712 2.34108200296 0 1.24240203398 0
12.1982013272 2.40290093702 0 1.2434245946 0
12.2045779223 2.46476981504 0 1.24443862071 0
12.2109656632 2.5266882993 0 1.24544410697 0
12.2173636567 2.58865605207 0 1.24644104878 0
12.2237710095 2.65067273561 0 1.24742944224 0
12.2301868284 2.71273801218 0 1.24840928419 0
12.2366102203 2.77485154407 0 1.24938057214 0
12.2430402918 2.83701299352 0 1.25034330435 0
12.2559169008 2.96147829421 0 1.25224309798 0
12.2623616519 3.02378146998 0 1.2531801594 0
12.2688095097 3.08613121239 0 1.25410866504 0
12.2815819375 3.20971976141 0 1.25592187241 0
12.2880337564 3.27220626958 0 1.25682489482 0
12.2944851268 3.33473800022 0 1.25771937246 0
12.3073829499 3.45993577795 0 1.25948271195 0
12.313827616 3.52260114958 0 1.2603515848 0
12.3202682608 3.58531039274 0 1.26121193484 0
12.3267039912 3.6480631697 0 1.26206376927 0
12.3331339138 3.71085914272 0 1.26290709595 0
12.3395571355 3.77369797407 0 1.26374192342 0
12.345972763 3.83657932602 0 1.26456826089 0
12.352379903 3.89950286084 0 1.26538611823 0
12.3587776625 3.96246824079 0 1.266195506 0
12.365165148 4.02547512814 0 1.26699643542 0
12.3715414665 4.08852318516 0 1.26778891835 0
12.3779057245 4.1516120741 0 1.26857296735 0
12.3842570291 4.21474145725 0 1.26934859561 0
12.3905944868 4.27791099687 0 1.27011581702 0
12.3969172044 4.34112035522 0 1.27087464609 0
12.4030983061 4.40310383306 0 1.27161017098 0
12.4157879849 4.53098396535 0 1.2731009345 0
12.4219178989 4.59308154139 0 1.27381192584 0
12.4281539107 4.65648416813 0 1.27452920026 0
12.4405647966 4.78340248114 0 1.27593889306 0
12.4467378841 4.84691749195 0 1.27663135032 0
12.4528882103 4.91046928866 0 1.27731557518 0
12.4651170061 5.03768188881 0 1.27865941261 0
12.4772467265 5.16503626534 0 1.27993893652 0
12.4892836673 5.29252314448 0 1.28112239347 0
12.4952701531 5.35631296372 0 1.28167802253 0
12.5012368131 5.42013193804 0 1.28220954874 0
12.513115148 5.54785205786 0 1.28320019185 0
12.5190290691 5.61175055632 0 1.28365926213 0
12.5249276565 5.67567291577 0 1.28409413627 0
12.536683323 5.80358392359 0 1.28489121923 0
12.542542648 5.86756992491 0 1.28525339323 0
12.5483911317 5.93157449315 0 1.28559130147 0
12.560060067 6.05963403628 0 1.28619426709 0
12.5715828412 6.18647053129 0 1.28669544727 0
12.5832011473 6.31463583149 0 1.28710489772 0
12.5891212938 6.38001516861 0 1.28727624443 0
12.5948074432 6.44283844662 0 1.28741702297 0
12.6064107132 6.57106778852 0 1.28763179906 0
12.6122140211 6.6351891732 0 1.28770267993 0
12.6180199417 6.69931326901 0 1.2877492249 0
12.629644113 6.82756429993 0 1.28776932225 0
12.6354646098 6.89168858799 0 1.28774288578 0
12.6412922115 6.9558102931 0 1.28769213571 0
12.6529732215 7.08404066034 0 1.28751773277 0
12.6588288759 7.14814667544 0 1.28739410251 0
12.6646961273 7.2122448135 0 1.28724620385 0
12.6764699134 7.34041216439 0 1.28687766242 0
12.6823786941 7.40447873018 0 1.28665705378 0
12.688303564 7.46853212484 0 1.28641224504 0
12.7002060635 7.59659410669 0 1.28585011157 0
12.7061859392 7.66060004683 0 1.28553283266 0
12.7121863962 7.72458752176 0 1.2851914453 0
12.7241324158 7.85122306586 0 1.28444447914 0
12.7303224859 7.91642592002 0 1.28402290602 0
12.7362943655 7.9790485327 0 1.28359435156 0
12.7425367082 8.04420159489 0 1.28312386518 0
12.7485610117 8.10677377412 0 1.28264838098 0
12.7547364035 8.1705955015 0 1.28213954078 0
12.7609413386 8.23438820197 0 1.28160684634 0
12.76717694 8.29815055199 0 1.2810503364 0
12.7734443307 8.36188122805 0 1.28047005122 0
12.7797446337 8.42557890664 0 1.27986603266 0
12.7860789722 8.48924226421 0 1.27923832416 0
12.7924484691 8.55286997727 0 1.27858697075 0
12.7988542475 8.61646072228 0 1.27791201905 0
12.8052974304 8.68001317572 0 1.27721351734 0
12.811779141 8.74352601407 0 1.27649151549 0
12.8183005021 8.80699791381 0 1.27574606504 0
12.8248626369 8.87042755142 0 1.27497721918 0
12.8314666684 8.93381360338 0 1.2741850328 0
12.8381137197 8.99715474616 0 1.27336956245 0
12.8448049138 9.06044965624 0 1.27253086639 0
12.8515413737 9.12369701011 0 1.27166900462 0
12.8583242225 9.18689548424 0 1.27078403886 0
12.8651545832 9.25004375511 0 1.2698760326 0
12.8720335789 9.31314049919 0 1.2689450511 0
12.8789623326 9.37618439298 0 1.26799116141 0
12.8859419673 9.43917411293 0 1.26701443238 0
12.8929736062 9.50210833555 0 1.26601493471 0
12.8999161489 9.56372875466 0 1.26501340676 0
12.9070540691 9.62654918787 0 1.26396904298 0
12.91424734 9.68931017964 0 1.26290213227 0
12.9214970847 9.75201040645 0 1.26181275279 0
12.9288044263 9.81464854478 0 1.26070098465 0
12.9361704878 9.8772232711 0 1.25956690993 0
12.9435963922 9.9397332619 0 1.25841061265 0
12.9510832626 10.0021771937 0 1.25723217887 0
12.9586322221 10.0645537428 0 1.25603169667 0
12.9662443935 10.1268615859 0 1.25480925618 0
12.9739209001 10.1890993994 0 1.25356494959 0
12.9894714108 10.3133596434 0 1.25101111755 0
13.0052927385 10.4373238868 0 1.24837098078 0
13.0133077663 10.4991916994 0 1.24701880151 0
13.0213938675 10.5609815412 0 1.24564535456 0
13.0377837821 10.6843220186 0 1.24283509007 0
13.0544714667 10.8073347308 0 1.23994107544 0
13.0714659056 10.9300090896 0 1.23696423675 0
13.0887760832 11.0523345068 0 1.23390553907 0
13.106232998 11.1730825499 0 1.23079777995 0
13.1243795919 11.2958961639 0 1.22754662891 0
13.1425060528 11.4159009961 0 1.22428191872 0
13.1519778584 11.4775726856 0 1.22257034643 0
13.1611654673 11.5367287307 0 1.22090702648 0
13.1801854524 11.6571546887 0 1.21745571473 0
13.1900273769 11.7184138122 0 1.21566651284 0
13.1995749924 11.7771682821 0 1.21392920741 0
13.2193430717 11.8967589226 0 1.21032877632 0
13.2394986746 12.015916022 0 1.20665574265 0
13.2600507853 12.1346289922 0 1.20291147851 0
13.2704783388 12.1938156201 0 1.20101307811 0
13.2810083884 12.252887245 0 1.19909740853 0
