13.7517 12.7231
13.7519 13.0546
13.7605 13.368
13.7759 13.6695
13.8015 14.0193
13.8325 14.3618
13.8662 14.7019
13.9005 15.0477
13.9322 15.4034
13.9588 15.7706
13.9769 16.0848
13.9928 16.4013
14.0076 16.7183
14.0226 17.0337
14.039 17.3437
14.0581 17.6483
14.0861 18.0014
14.1214 18.3366
14.1657 18.6482
14.2312 18.9692
14.3279 19.2671
14.4938 19.5386
14.7484 19.726
15.0441 19.7817
15.3569 19.6807
15.6329 19.4925
15.8606 19.2938
16.1048 19.0545
16.331 18.8212
16.5664 18.5757
16.7754 18.358
16.9911 18.135
17.2135 17.9082
17.443 17.6787
17.6804 17.447
17.9269 17.2136
18.1809 16.9815
18.4447 16.7498
18.7145 16.5217
18.9866 16.2967
19.2577 16.0742
19.5269 15.8517
19.7907 15.6287
20.0464 15.4043
20.2915 15.1776
20.522 14.9491
20.7686 14.679
21.0059 14.3751
21.183 14.0866
21.315 13.7471
21.3365 13.4384
21.2357 13.1411
21.0537 12.879
20.8356 12.6291
20.5988 12.3786
20.3735 12.1412
20.1548 11.9093
19.9317 11.6708
19.6933 11.4125
19.44 11.1266
19.2195 10.8587
19.0079 10.5739
18.8137 10.272
18.6686 10.0026
18.5489 9.7261
18.4584 9.43994
18.3991 9.08544
18.4011 8.78232
18.469 8.43342
18.5959 8.11015
18.7666 7.81368
18.9708 7.53747
19.2377 7.23619
19.4856 6.98779
19.7452 6.74424
20.0086 6.50432
20.2321 6.30283
20.4593 6.10028
20.7384 5.85519
20.9761 5.65034
21.2177 5.44648
21.5125 5.20436
21.7622 5.0054
22.0163 4.80936
22.274 4.61747
22.5359 4.43041
22.8028 4.2501
23.0744 4.08044
23.3494 3.92598
23.6301 3.78974
23.9122 3.67845
24.2086 3.59343
24.5083 3.5459
24.8672 3.54811
25.1831 3.61238
25.4753 3.73384
25.7838 3.93183
26.0223 4.13448
26.2399 4.35551
26.4449 4.59147
26.6408 4.83699
26.8297 5.08579
27.0149 5.33448
27.1972 5.57647
27.4135 5.85011
27.6305 6.10301
27.8474 6.33294
28.0658 6.54019
28.3498 6.77052
28.6179 6.94278
28.9336 7.07915
29.2455 7.12145
29.5524 7.05269
29.847 6.90502
30.0985 6.73393
30.3666 6.5202
30.6103 6.30795
30.8604 6.08126
31.1066 5.8506
31.3702 5.58582
31.5729 5.35831
31.7647 5.10399
31.917 4.83327
32.0022 4.53997
31.9734 4.18883
31.8593 3.87825
31.7065 3.59643
31.533 3.334
31.296 3.02017
31.0968 2.77774
30.8837 2.53129
30.6581 2.28043
30.4232 2.02702
30.1793 1.76935
29.9715 1.55266
29.7603 1.33369
29.547 1.1127
29.3335 0.89059
29.1183 0.664699
28.9061 0.438988
28.6949 0.211388
28.4855 -0.0171051
28.2785 -0.245519
28.0722 -0.475615
27.8672 -0.706407
27.6634 -0.937812
27.4607 -1.16977
27.2589 -1.40221
27.0587 -1.63405
26.8184 -1.91393
26.6186 -2.14752
26.4192 -2.38119
26.2201 -2.61506
26.0218 -2.848
25.8227 -3.08189
25.6234 -3.31569
25.4238 -3.54934
25.2237 -3.78286
25.0238 -4.01549
24.8226 -4.24908
24.6211 -4.48273
24.4201 -4.7155
24.2174 -4.9502
24.0164 -5.18307
23.8147 -5.41691
23.6133 -5.65086
23.4131 -5.88386
23.1726 -6.16472
22.9331 -6.44567
22.6956 -6.72579
22.4973 -6.96113
22.3017 -7.19447
22.1065 -7.42906
21.9127 -7.66362
21.7204 -7.89828
21.5298 -8.13305
21.3045 -8.4132
21.0829 -8.68861
20.8655 -8.95378
20.652 -9.20428
20.443 -9.43494
20.2037 -9.67494
19.9716 -9.87601
19.6849 -10.0704
19.3947 -10.1962
19.0851 -10.239
18.7359 -10.1484
18.4483 -9.98696
18.1882 -9.8007
17.9486 -9.60685
17.6998 -9.38882
17.4397 -9.14817
17.2087 -8.92768
16.9693 -8.69577
16.7216 -8.45537
16.4631 -8.20672
16.2397 -7.99555
16.0086 -7.78201
15.7712 -7.56822
15.5307 -7.35612
15.2871 -7.14426
15.043 -6.93375
14.8 -6.72488
14.561 -6.51881
14.3256 -6.31424
14.0968 -6.11239
13.8334 -5.87443
13.5854 -5.64139
13.3181 -5.37379
13.1115 -5.14803
12.8667 -4.8448
12.6888 -4.58198
12.5423 -4.31431
12.4137 -3.99463
12.3371 -3.70396
12.2858 -3.38543
12.2581 -3.04569
12.2502 -2.73802
12.2542 -2.41806
12.2671 -2.08881
12.2856 -1.74989
12.3072 -1.40609
12.3313 -1.05923
12.3575 -0.711213
12.386 -0.358937
12.4162 -0.00441596
12.4481 0.351615
12.4759 0.65119
12.5047 0.952501
12.5343 1.25523
12.5646 1.55962
12.6016 1.92572
12.6333 2.23458
12.665 2.54245
12.7035 2.91517
12.7357 3.22599
12.7679 3.53933
12.8001 3.85392
12.832 4.16969
12.8636 4.48655
12.8946 4.80339
12.9252 5.12237
12.9612 5.50618
12.9907 5.82653
13.0197 6.14576
13.0546 6.53051
13.0836 6.85101
13.1128 7.17123
13.1483 7.55495
13.1783 7.87389
13.2088 8.19082
13.2402 8.50805
13.2725 8.82412
13.3058 9.13888
13.3402 9.45214
13.3758 9.76251
13.4129 10.0723
13.4517 10.3804
13.5004 10.7468
13.5516 11.1087
13.5968 11.4093
13.6633 11.8234
13.724 12.1739
0 0
